1204-00-PV-TBA-204B,01,TECHNICAL BID ANALYSIS FOR PRESSURE VESSELS (GROUP II),,DE,IFE,,MD,PS-OT-T-0105,15-9-23,,,No,1685,1204-Owner-v,15-9-26,,TBA,15-9-23,,,,15-9-23,15-11-19,,,complete,100%
1204-00-PI-APL-1300,00,PIPING PLAN AREA-13,,DE,IFR,,PI,PS-OT-T-0283,16-6-12,,,No,1422,1204-Owner-v,16-6-14,,CDW,20-6-11,,,20-6-11,16-6-18,,,,InProgress,80%
1204-00-PI-REQ-404B,00,REQUISITION FOR A/G VALVES(MTO II),,DE,IFI,,PI,PS-OT-T-0946,20-4-11,,,No,23,,,,REQ,20-5-28,,,20-6-10,,,,,InProgress,90%
1204-00-PI-UPL-6400,03,UNDER GROUND PIPING PLAN AREA-64,,DE,IFC-WH,,PI,PS-OT-T-0629,18-6-13,,,No,691,1204-Owner-v,18-6-18,,CDW,18-6-25,,,,18-6-25,18-6-24,MT-PS-9609-CS-088,,InProgress,90%
1204-10-PR-PID-103,02,PIPING & INSTRUMENTATION DIAGRAM UNIT 100- HYDROGENATION & DESULPHURIZATION,,DE,IFC-WH,,PR,PS-OT-T-0749,19-1-23,,,No,467,1204-Owner-v,19-1-27,,EDW,21-4-1,,,21-4-1,19-1-30,20-4-20,MT-PS-9609-CS-0331,,InProgress,90%
1204-10-PR-PID-110,01,PIPING & INSTRUMENTATION DIAGRAM UNIT 100- FUEL GAS SYSTEM,,DE,IFR,,PR,PS-OT-T-363,16-11-13,,,No,1268,1204-Owner-v,16-11-16,,EDW,20-6-1,,,20-6-1,17-4-1,17-5-20,MT-PS-9301-CS-200-R,,InProgress,80%
1204-22-PR-DSH-131,00,Process Instrument Data Sheet for Control Valves,,BE,IFR,,PR,TM-OT-9001-T-0134,12-7-13,,,No,2852,1204-Owner-v,15-9-16,,DSH,19-10-1,,,20-11-20,12-7-13,,,,InProgress,80%
1204-30-PR-PID-308,02,PIPING & INSTRUMENTATION DIAGRAM UNIT 300-PURE METHANOL COOLING,,DE,IFC-WH,,PR,PS-OT-T-0641,18-7-7,,,No,667,1204-Owner-v,18-7-10,,EDW,20-6-15,,,20-6-15,,18-7-10,MT-PS-9609-CS-096,,InProgress,90%
1204-10-ST-DWG-150,01,REFORMER (VERTICAL COLD AIR DUCT)  /  FDN. (G.A. & R.C.),,DE,IFC,,ST,PS-OT-T-0672,18-8-28,,,No,615,1204-Owner-v,18-9-1,,CDW,18-9-3,,,,18-9-3,,,,complete,100%
1204-04-EL-DWG-010,00,LIGHTING LAYOUT AREA-04,,DE,IFR,,EL,PS-OT-T-0296,16-6-25,16-7-21,,Yes,12,1204-Owner-v,16-6-26,,CDW,20-7-20,,,20-7-20,16-7-2,16-6-29,MT-PS-9301-CS-168,,InProgress,80%
1204-90-EL-DWG-410,01,CLINIC & TECHNICAL BUILDING LIGHTING AND SMALL POWER LAYOUT,,DE,IFC,,EL,TM-OT-9001-T-0349,14-1-23,,,No,2293,1204-TKT-COLANGELI,14-1-23,,CDW,21-4-15,,,21-4-15,,,,,complete,100%
1204-84-HS-DSH-002,00,DATA SHEET FOR POC WATER SUMP SU-8401,,DE,IFR,,HSE,PS-OT-T-0685,18-9-24,,,No,588,1204-Owner-v,18-10-6,,DSH,19-10-12,,,20-10-10,,,,,InProgress,80%
1204-84-HS-DSH-006,02,DATA SHEET FOR SANITARY DISCHARGE PUMPS (P-8402A/B),,DE,IFR,,HSE,PS-OT-T-0861,20-1-1,,,No,124,1204-Owner-v,20-1-2,,DSH,19-10-12,,,20-10-10,,20-1-14,MT-PS-9301-CS-0256,,InProgress,80%
1204-00-IN-DSH-642,01,DATA SHEET FOR PCV,,DE,IFR,,IN,PS-OT-T-0918,20-2-26,,,No,68,1204-Owner-v,20-2-26,,DSH,20-8-10,,,20-8-10,,20-3-14,MT-PS-9609-CS-0311,,InProgress,80%
1204-00-IN-DWG-001,01,INSTRUMENT LAYOUT KEY PLAN,,DE,IFR,,IN,PS-OT-T-373,16-12-6,,,No,1245,1204-Owner-v,16-12-7,,CDW,20-8-30,,,20-8-30,,17-2-15,MT-PS-9301-CS-213,,InProgress,80%
1204-00-IN-SKT-006,01,INSTRUMENT MOUNTING DETAILS,,DE,IFC,,IN,PS-OT-T-0233,16-4-10,,,No,1485,1204-Owner-v,16-4-11,,CDW,16-4-10,,,,16-4-10,,,,complete,100%
1204-00-HM-TBA-254,00,TECHNICAL BID ANALYSIS FOR AUXILIARY BOILER,,DE,IFE,,MD,TM-OT-9001-T-0416,14-12-3,,,No,1979,1204-TKT-COLANGELI,14-12-3,,TBA,14-12-3,,,,14-12-3,14-12-10,MT-TM-9301-CS-024,,complete,100%
1204-00-PV-REQ-210,01,REQUISITION FOR FLARE STACK,,DE,IFP,,MD,PS-OT-T-0930,20-3-7,,,No,58,1204-Owner-v,20-3-9,,REQ,20-3-7,,,,20-3-7,,,,complete,100%
1204-30-PR-PID-307,02,PIPING & INSTRUMENTATION DIAGRAM UNIT 300-FUSEL OIL PUMPS,,DE,IFC-WH,,PR,PS-OT-T-0641,18-7-7,,,No,667,1204-Owner-v,18-7-10,,EDW,20-6-15,,,20-6-15,,18-7-10,MT-PS-9609-CS-096,,InProgress,90%
1204-40-PR-PID-406,02,PIPING & INSTRUMENTATION DIAGRAM UNIT 400- STEAM CONDENSATE COLLECTION,,DE,IFC-WH,,PR,PS-OT-T-0664,18-8-11,,,No,632,1204-Owner-v,18-8-16,,EDW,20-7-15,,,20-7-15,18-8-15,,,,InProgress,90%
1204-62-PR-DSH-131,00,Process Instrument Data Sheet for Control Valves,,BE,IFR,,PR,TM-OT-9001-T-0136,12-7-24,,,No,2841,1204-Owner-v,15-9-16,,DSH,19-10-1,,,20-12-20,,16-1-24,MT-PS-9301-CS-093,,InProgress,80%
1204-63-PR-DSH-139,00,Process Instrument Data Sheet for Temperature Gauges,,BE,IFR,,PR,TM-OT-9001-T-0136,12-7-24,,,No,2841,1204-Owner-v,15-9-16,,DSH,19-10-1,,,20-12-30,12-7-24,,,,InProgress,80%
1204-00-ST-DWG-053,02,PIPE RACK ZONE 8 / FDN. (G.A. & R.C.),,DE,IFC,,ST,PS-OT-T-0034,15-5-6,,,No,1825,1204-Owner-v,15-5-7,,CDW,15-5-6,,,,15-5-6,,,,complete,100%
1204-10-ST-DWG-135,01,"STRUCTURE ""Q"" FOR R-1001,R-1002A/B & R-1003 /STEEL STRUCTURE (ELEVATION & DETS.)",,DE,IFC,,ST,PS-OT-T-0788,19-5-8,,,No,362,1204-Owner-v,19-5-12,,CDW,19-5-8,,,,19-5-8,,,,complete,100%
1204-30-ST-DWG-307,04,"STRUCTURE ""B"" FOR D-3003 & E-3003A/B / CONCRETE  STRUCTURE (G.A. PLAN & DETAILS)",,DE,IFC,,ST,PS-OT-T-0441,17-4-17,,,No,1113,1204-Owner-v,17-4-18,,CDW,17-4-30,,,,17-4-30,,,,complete,100%
1204-30-ST-DWG-345,01,"STRUCTURE  ""F"" FOR D-3004,D-3005,E-3003C/D,E-3005,E-3009 / COLUMNS (G.A. PLAN & R.C. DETAILS)",,DE,IFC,,ST,PS-OT-T-0393,16-12-28,,,No,1223,1204-Owner-v,16-12-28,,CDW,16-12-28,,,,16-12-28,,,,complete,100%
1204-90-ST-DWG-1006,02,CONTROL ROOM & LABORATORY / BEAMS (R.C. DETAILS II ),,DE,IFC,,ST,TM-OT-9001-T-0347,14-1-22,,,No,2294,1204-Owner-v,15-9-16,,CDW,14-1-22,,,,14-1-22,,,,complete,100%
1204-90-ST-DWG-941,01,SUBSTATION / BEAMS (R.C. I),,DE,IFC,,ST,TM-OT-9001-T-0300,13-7-4,,,No,2496,1204-TKT-COLANGELI,13-7-3,,CDW,13-7-4,,,,13-7-4,,,,complete,100%
1204-10-ST-DWG-158,01,T-1001 /  FDN. (G.A. & R.C.),,DE,IFC,,ST,PS-OT-T-0208,16-3-2,,,No,1524,1204-Owner-v,16-3-5,,CDW,16-3-2,,,,16-3-2,,,,complete,100%
1204-04-EL-DWG-011,00,"LIGHTING LAYOUT AREA-04 R-1001, R-1002 A/B, T-1001 AND ADJACENT EQUIPMENT",,DE,IFR,,EL,PS-OT-T-477,17-8-29,,,No,979,1204-Owner-v,17-8-30,,CDW,20-7-20,,,20-7-20,,18-5-31,MT-PS-9301-CS-241-R,,InProgress,80%
1204-00-ST-DWG-085,02,PIPE RACK STAIRS (ZONE 1 TO 5) / STRUCTURE  (G.A. & SECTIONS),,DE,IFC,,ST,PS-OT-T-0276,16-6-5,,,No,1429,1204-Owner-v,16-6-6,,CDW,16-6-12,,,,16-6-12,,,,complete,100%
1204-90-HV-DSH-023,01,DATA SHEET FOR CENTRIFUGAL EXHAUST FAN FOR BATTERY ROOM IN SUBSTATION,,DE,IFE,,HV,TM-OT-9001-T-0429,15-1-14,,,No,1937,1204-TKT-COLANGELI,15-1-14,,DSH,15-1-14,,,,15-1-14,15-1-27,MT-TM-9301-CS-033,,complete,100%
1204-90-HV-DSH-017,00,DATA SHEET FOR LABORATORY HOOD CENTRIFUGAL EXHAUST FAN FOR LABORATORY,,DE,IFE,,HV,TM-OT-9001-T-0316,13-9-11,,,No,2427,1204-TKT-COLANGELI,13-9-9,,DSH,13-9-11,,,,13-9-11,,,,InProgress,80%
1204-30-ST-DWG-336,02,"STRUCTURE ""E"" FOR E-3004,E-3012 / COLUMNS (G.A. PLAN & R.C. DETAILS)",,DE,IFC,,ST,PS-OT-T-0413,17-2-7,,,No,1182,1204-Owner-v,17-2-8,,CDW,17-2-14,,,,17-2-14,,,,complete,100%
1204-00-ST-DWG-1105,01,RETAINING WALL / G.A. PLAN & R.C. DETAILS (II),,DE,IFC,,ST,TM-OT-9001-T-0367,14-5-20,,,No,2176,1204-TKT-COLANGELI,14-5-20,,CDW,14-5-20,,,,14-5-20,,,,complete,100%
1204-20-PI-LST-6500,01,U/G ISOMETRIC LIST OF AREA-65,,DE,IFC-WH,,PI,PS-OT-T-0665,18-8-13,,,No,630,1204-Owner-v,18-8-17,,CDW,20-6-30,,,20-6-30,,,,,InProgress,90%
1204-30-PI-APL-2800,01,PIPING PLAN AREA-28,,DE,IFC-WH,,PI,PS-OT-T-0666,18-8-13,,,No,630,1204-Owner-v,18-8-17,,CDW,20-6-11,,,20-6-11,,,,,InProgress,90%
1204-60-PI-UPL-6200,02,UNDER GROUND PIPING PLAN AREA-62,,DE,IFC-WH,,PI,PS-OT-T-0597,18-4-25,,,No,740,1204-Owner-v,18-4-30,,CDW,18-5-3,,,,18-5-3,,,,InProgress,90%
1204-00-PI-TBA-463A,00,TECHNICAL BID ANALYSIS FOR U/G GASKETS(MTO I),,DE,IFE,,PI,PS-OT-T-0266,16-5-18,,,No,1447,1204-Owner-v,16-5-18,,TBA,16-5-28,,,,16-5-28,,,,complete,100%
1204-00-PI-ISO-3900,00,A/G ISOMETRIC DRAWING OF AREA-39,,DE,IFR,,PI,PS-OT-T-0344,16-10-2,,,No,1310,1204-Owner-v,16-10-4,,CDW,20-6-11,,,20-6-11,16-10-10,,,,InProgress,80%
1204-30-ST-DWG-343,02,"STRUCTURE ""F"" FOR D-3004, D-3005, E-3003C/D, E-3005, E-3009/CONCRETE STRUCTURE (PLAN & DETS.)",,DE,IFC,,ST,PS-OT-T-0444,17-4-23,,,No,1107,1204-Owner-v,17-4-30,,CDW,17-5-7,,,,17-5-7,,,,complete,100%
1204-00-IN-LST-010,00,"INSTRUMENT LIST (UNITS 200, 300 & UTILITIES)",,DE,IFR,,IN,TM-OT-9001-T-0298,13-7-3,,,No,2497,1204-TKT-COLANGELI,13-7-2,,LIST,20-4-14,,,20-4-14,13-7-3,,,,InProgress,90%
1204-90-HS-DWG-006,02,FIRE ALARM LAYOUT FOR FIRE STATION,,DE,IFE,,HSE,PS-OT-T-379,16-12-12,,,No,1239,1204-Owner-v,16-12-24,,EDW,16-12-12,,,,16-12-12,,,,complete,100%
1204-10-PI-LST-6800,01,U/G ISOMETRIC LIST OF AREA-68,,DE,IFC-WH,,PI,PS-OT-T-0647,18-7-15,,,No,659,1204-Owner-v,18-7-19,,CDW,20-6-30,,,20-6-30,18-7-21,18-8-4,MT-PS-9609-CS-098-R,,InProgress,90%
1204-10-PI-ISO-7200,01,U/G ISOMETRIC DRAWING OF AREA-72,,DE,IFC-WH,,PI,PS-OT-T-0614,18-5-19,,,No,716,1204-Owner-v,18-5-20,,CDW,20-6-30,,,20-6-30,18-6-2,,,,InProgress,90%
1204-22-PI-APL-1900,00,PIPING PLAN AREA-19,,DE,IFR,,PI,PS-OT-T-0195,16-2-13,,,No,1542,1204-Owner-v,16-2-15,,CDW,20-6-4,,,20-6-4,,,,,InProgress,80%
1204-30-PI-LST-6700,01,U/G ISOMETRIC LIST OF AREA-67,,DE,IFC-WH,,PI,PS-OT-T-0650,18-7-23,,,No,651,1204-Owner-v,18-7-29,,CDW,20-6-30,,,20-6-30,,18-7-29,MT-PS-9609-CS-102,,InProgress,90%
1204-60-PI-LST-6200,01,U/G ISOMETRIC LIST OF AREA-62,,DE,IFC-WH,,PI,PS-OT-T-0597,18-4-25,,,No,740,1204-Owner-v,18-4-30,,CDW,20-6-30,,,20-6-30,,,,,InProgress,90%
1204-90-HV-DSH-029,00,DATA SHEET FOR CENTRIFUGAL EXHAUST FAN FOR CO2 ROOM IN SUBSTATION,,DE,IFE,,HV,PS-OT-T-0010,15-3-11,,,No,1881,1204-TKT-COLANGELI,15-3-4,,DSH,15-3-6,,,,15-3-6,,,,complete,100%
1204-00-IN-REQ-602,01,REQUISITION FOR EMERGENCY SHUTDOWN SYSTEM,,DE,IFP,,IN,PS-OT-T-0910,20-2-24,,,No,70,1204-Owner-v,20-2-25,,REQ,20-2-24,,,,20-2-24,20-3-2,MT-PS-9609-CS-0300,,complete,100%
1204-40-PI-APL-4200,00,PIPING PLAN AREA-42,,DE,IFR,,PI,PS-OT-T-0327,16-8-28,,,No,1345,1204-Owner-v,16-8-28,,CDW,20-1-13,,,20-6-25,16-9-3,,,,InProgress,80%
1204-10-PV-DSH-202,00,MECHANICAL DATA SHEET FOR SULPHUR REMOVAL REACTORS (R-1002A/B),,DE,IFR,,MD,PS-OT-T-0124,15-11-2,,,No,1645,1204-Owner-v,15-11-2,,DSH,15-11-4,,,,15-11-4,15-11-14,MT-PS-9301-CS-041,,InProgress,80%
1204-40-ST-DWG-451,02,BOILER (PU-4006 A ) / FDN. (G.A. & R.C. DETAILS I ),,DE,IFC,,ST,PS-OT-T-0237,16-4-13,,,No,1482,1204-Owner-v,16-4-16,,CDW,16-4-19,,,,16-4-19,,,,complete,100%
1204-02-EL-DWG-021,00,"EARTHING LAYOUT FOR AREA-02 D-2003, E-2001A/B, 2002, 2003A/B, 2005A/B, 2006 AND R-2001",,DE,IFR,,EL,PS-OT-T-0114,15-10-10,16-1-14,,Yes,82,1204-Owner-v,15-10-10,,CDW,20-6-30,,,20-6-30,15-10-14,15-11-19,MT-PS-9301-CS-042,,InProgress,80%
1204-00-IN-MSS-615,01,MATERIAL STANDARD SPECIFICATION FOR SIGHT GLASSES,,DE,IFE,,IN,PS-OT-T-360,16-11-12,,,No,1269,1204-Owner-v,16-11-16,,SPEC,16-11-12,,,,16-11-12,16-11-29,MT-PS-9301-CS-198,,complete,100%
1204-71-IN-DWG-033,00,INSTRUMENT FIELD & CABLE LAYOUT (AREA 33),,DE,IFR,,IN,PS-OT-T-0161,15-12-28,,,No,1589,1204-Owner-v,15-12-30,,CDW,20-6-23,,,20-6-23,16-1-6,16-1-10,MT-PS-9301-CS-081,,InProgress,80%
1204-02-EL-DWG-002,00,POWER LAYOUT AREA-02 (AE-2001),,DE,IFR,,EL,PS-OT-T-0193,16-2-2,16-7-21,,Yes,156,1204-Owner-v,16-2-2,,CDW,20-6-30,,,20-6-30,16-2-17,16-2-13,MT-PS-9301-CS-106,,InProgress,80%
1204-00-EL-DSH-5172,01,DATA SHEET FOR LV VSD PANELS - MS-VSD-02,,DE,IFR,,EL,PS-OT-T-0731,18-12-22,,,No,499,1204-Owner-v,18-12-23,,DSH,20-4-21,,,20-4-21,,,,,InProgress,80%
1204-00-PI-MTO-466A,00,MATERIAL TAKE OFF FOR U/G POLYPROPYLENE ITEMS (MTO I),,DE,IFE,,PI,PS-OT-T-0542,18-1-21,,,No,834,1204-Owner-v,18-1-27,,LIST,18-1-21,,,,18-1-21,18-1-28,MT-PS-9609-CS-020,,complete,100%
1204-65-PR-DSH-102,00,DATA SHEET FOR FUEL GAS FILTER,,BE,IFR,,PR,TM-OT-9001-T-0276,13-5-16,,,No,2545,1204-TKT-COLANGELI,13-5-16,,DSH,20-5-1,,,20-6-30,13-5-16,,,,InProgress,80%
1204-90-HS-DWG-008,02,FIRE ALARM LAYOUT FOR WORK SHOP,,DE,IFE,,HSE,PS-OT-T-0128,15-11-4,,,No,1643,1204-Owner-v,15-11-5,,EDW,15-11-17,,,,15-11-17,15-11-29,MT-PS-9301-CS-048,,complete,100%
1204-90-ST-DWG-1008,02,SUBSTATION / INSERT PLATES II,,DE,IFC,,ST,PS-OT-T-0014,15-4-4,,,No,1857,1204-Owner-v,15-4-5,,CDW,15-4-4,,,,15-4-4,,,,complete,100%
1204-10-PI-LST-7200,01,U/G ISOMETRIC LIST OF AREA-72,,DE,IFC-WH,,PI,PS-OT-T-0614,18-5-19,,,No,716,1204-Owner-v,18-5-20,,CDW,20-6-30,,,20-6-30,18-6-2,,,,InProgress,90%
1204-65-PR-LST-001,01,EQUIPMENT LIST FOR FUEL GAS SYSTEM,,BE/DE,IFE,,PR,PS-OT-T-0138,15-11-28,,,No,1619,1204-Owner-v,15-11-29,,LIST,15-11-28,,,,15-11-28,,,,complete,100%
1204-00-ST-REQ-743,00,REQUISITION FOR STEEL GRATING,,DE,IFI,,ST,PS-OT-T-0493,17-9-23,,,No,954,1204-Owner-v,17-9-25,,REQ,17-10-2,,,,17-10-2,17-11-22,MT-PS-9301-CS-264,,InProgress,90%
1204-40-ST-DWG-429,01,D-4004 / FDN. (G.A. & R.C.),,DE,IFC,,ST,PS-OT-T-0272,16-5-29,,,No,1436,1204-Owner-v,16-5-30,,CDW,16-5-29,,,,16-5-29,16-6-1,MT-PS-9301-CS-156,,complete,100%
1204-90-ST-DWG-903,05,CONTROL ROOM & LABORATORY / G.A PLAN,,DE,IFC-WH,,ST,TM-OT-9001-T-0390,14-8-13,,,No,2091,1204-TKT-COLANGELI,14-8-12,,CDW,14-8-13,,,,14-8-13,,,,complete,100%
1204-90-ST-DWG-917,04,"CONTROL ROOM & LABORATORY / SLABS (G.A. , R.C. & DETAILS)",,DE,IFC,,ST,TM-OT-9001-T-0390,14-8-13,,,No,2091,1204-TKT-COLANGELI,14-8-12,,CDW,14-8-20,,,,14-8-20,14-8-20,MT-OT-9301-CS-018,,complete,100%
1204-90-ST-DWG-968,01,"ADMINISTRATION , RESTAURANT & CLINIC BLDG. / G.A FOR GROUND FLOOR PLAN",,DE,IFC,,ST,TM-OT-9001-T-0116,12-6-19,,,No,2876,1204-Owner-v,15-9-16,,CDW,12-6-19,,,,12-6-19,,,,complete,100%
1204-90-HV-DSH-090,01,DATA SHEET FOR ROOF TYPE EXHAUST FAN FOR WAREHOUSE AREA IN WAREHOUSE,,DE,IFE,,HV,TM-OT-9001-T-0452,15-3-6,,,No,1886,1204-TKT-COLANGELI,15-3-4,,DSH,15-3-6,,,,15-3-6,,,,complete,100%
1204-65-PR-PID-651,01,PIPING & INSTRUMENTAITION DIAGRAM FOR FUEL GAS SYSTEM,,DE,IFR,,PR,PS-OT-T-0417,17-2-11,,,No,1178,1204-Owner-v,17-2-19,,EDW,20-5-1,,20-5-30,20-6-30,,17-2-25,MT-PS-9301-CS-215,,InProgress,80%
1204-84-HS-BOD-001,01,BASIS OF DESIGN FOR EFFLUENT WATER TREATMENT,,DE,IFR,,HSE,PS-OT-T-0688,18-9-24,,,No,588,1204-Owner-v,18-10-6,,EDW,19-10-1,,,20-6-1,,,,,InProgress,80%
1204-00-EL-DSH-5023,01,"DATA SHEET FOR 6KV SWITCHGEAR (SS01-SWB2A,B-01)",,DE,IFR,,EL,PS-OT-T-0527,18-1-1,18-2-12,,Yes,28,1204-Owner-v,18-1-2,,DSH,20-5-25,,,20-5-25,18-1-27,18-5-31,MT-PS-9609-CS-013-R,,InProgress,80%
1204-03-EL-DWG-014,00,LIGHTING LAYOUT FOR AREA-03 AE-3002,,DE,IFR,,EL,PS-OT-T-0186,16-1-18,16-7-24,,Yes,174,1204-Owner-v,16-1-19,,CDW,20-7-15,,,20-7-15,16-1-24,16-1-26,MT-PS-9301-CS-096,,InProgress,80%
1204-03-EL-DWG-023,00,EARTHING LAYOUT AREA-03 AE-3002,,DE,IFR,,EL,PS-OT-T-0204,16-2-28,16-7-23,,Yes,132,1204-Owner-v,16-3-2,,CDW,20-7-15,,,20-7-15,,16-4-5,MT-PS-9301-CS-119-1,,InProgress,80%
1204-20-ST-DWG-265,01,E-2004 / FDN. (G.A. & R.C.),,DE,IFC,,ST,PS-OT-T-0299,16-6-28,,,No,1406,1204-Owner-v,16-6-28,,CDW,16-6-28,,,,16-6-28,,,,complete,100%
1204-00-PI-REQ-461AF,01,REQUISITION FOR U/G FITTINGS(MTO I),,DE,IFP,,PI,PS-OT-T-0404,17-1-15,,,No,1205,1204-Owner-v,17-6-6,,REQ,17-1-15,,,,17-1-15,,,,complete,100%
1204-30-PI-APL-2400,00,PIPING PLAN AREA-24,,DE,IFR,,PI,PS-OT-T-0437,17-4-9,,,No,1121,1204-Owner-v,17-4-16,,CDW,20-6-11,,,20-6-11,17-4-25,,,,InProgress,80%
1204-20-PR-PID-205,02,PIPING & INSTRUMENTATION DIAGRAM UNIT 200-SYNTHESIS CONVERTER,,DE,IFC-WH,,PR,PS-OT-T-0659,18-8-5,,,No,638,1204-Owner-v,18-8-8,,EDW,20-6-15,,,20-6-15,18-8-9,,,,InProgress,90%
1204-22-PR-DSH-132,00,Process Instrument Data Sheet for On / Off Valves,,BE,IFR,,PR,TM-OT-9001-T-0134,12-7-13,,,No,2852,1204-Owner-v,15-9-16,,DSH,19-10-1,,,20-11-20,12-7-13,,,,InProgress,80%
1204-62-PR-DSH-133,00,Process Instrument Data Sheet for Safety Valves,,BE,IFR,,PR,TM-OT-9001-T-0136,12-7-24,,,No,2841,1204-Owner-v,15-9-16,,DSH,19-10-1,,,20-12-20,12-7-24,,,,InProgress,80%
1204-62-PR-PID-621,02,PIPING & INSTRUMENTATION DIAGRAM FOR INSTRUMENT AIR / PLANT AIR SYSTEM (1 OF 2),,DE,IFR,,PR,PS-OT-T-0417,17-2-11,,,No,1178,1204-Owner-v,17-2-19,,EDW,20-5-1,,20-5-30,20-6-30,17-2-23,17-2-25,MT-PS-9301-CS-215,,InProgress,80%
1204-64-PR-REQ-101,00,REQUISITION FOR MIXED BED POLISHER UNIT (PU-6401),,DE,IFI,,PR,PS-OT-T-0055,15-6-1,,,No,1799,1204-Owner-v,15-6-2,,REQ,20-4-14,,,20-4-14,15-6-1,,,,InProgress,60%
1204-10-ST-DWG-147,03,REFORMER (H-1001)  /  FDN. (G.A. & DETAILS),,DE,IFC,,ST,PS-OT-T-0796,19-5-20,,,No,350,1204-Owner-v,19-5-22,,CDW,19-5-23,,,,19-5-23,,,,complete,100%
1204-10-ST-DWG-151,02,REFORMER (FT-1002)  /  FDN. (G.A. & R.C.),,DE,IFC,,ST,PS-OT-T-0697,18-10-9,,,No,573,1204-Owner-v,18-10-13,,CDW,18-10-15,,,,18-10-15,,,,complete,100%
1204-64-PV-DSH-209,01,MECHANICAL DATA SHEET FOR CAUSTIC STORAGE DRUM (D-6402),,DE,IFE,,MD,TM-OT-9001-T-0149,12-9-5,,,No,2798,1204-Owner-v,14-9-30,,DSH,12-9-5,,,,12-9-5,,,,complete,100%
1204-20-QC-SOI-105,00,SCOPE OF INSPECTION FOR HYDROGEN RECOVERY UNIT,,DE,IFR,,QC,PS-OT-T-9999,15-12-30,,,No,32633,,,,SCOPE,20-5-15,,,,,,,,InProgress,50%
1204-30-PV-DSH-233,01,MECHANICAL DATA SHEET FOR FIRST REFINING COLUMN (T-3002),,DE,IFE,,MD,TM-OT-9001-T-0343,13-12-18,,,No,2329,1204-TKT-COLANGELI,13-12-18,,DSH,13-12-18,,,,13-12-18,,,,complete,100%
1204-22-PR-DSH-143,00,Process Instrument Data Sheet for Pressure Switches,,BE,IFR,,PR,TM-OT-9001-T-0134,12-7-13,,,No,2852,1204-Owner-v,15-9-16,,DSH,19-10-1,,,20-11-20,12-7-13,,,,InProgress,80%
1204-64-ST-DWG-711,02,TK-6401 / FDN. (G.A. & R.C.),,DE,IFC,,ST,TM-OT-9001-T-0364,14-5-6,,,No,2190,1204-TKT-COLANGELI,14-5-6,,CDW,14-5-6,,,,14-5-6,,,,complete,100%
1204-20-RE-DSH-037,01,DATA SHEET FOR CONVERTER STEAM CONDENSATE PUMPS (P-2004 A/B),,DE,IFR,,MC,PS-OT-T-0387,16-12-20,,,No,1231,1204-Owner-v,16-12-24,,DSH,16-12-25,,,,16-12-25,17-5-3,MT-PS-9301-CS-225-R,,InProgress,80%
1204-40-RE-DSH-046,00,DATA SHEET FOR CONDENSATE PUMPS FOR AE-4001 (P-4004 A/B),,DE,IFR,,MC,PS-OT-T-0838,19-11-20,,,No,166,1204-Owner-v,19-11-27,,DSH,19-11-20,,,,,,MT-PS-9301-CS-0246,,InProgress,80%
1204-30-HM-DSH-246,00,MECHANICAL DATA SHEET FOR FIRST REFINING COLUMN FEED PREHEATER (E-3012),,DE,IFR,,MD,TM-OT-9001-T-0333,13-11-6,,,No,2371,1204-TKT-COLANGELI,13-11-6,,DSH,13-11-6,,,,13-11-6,,,,complete,100%
1204-90-HV-DWG-045,00,ADMINISTRATION - HVAC EQUIPMENT ARRANGEMENT & REFRIGERANT PIPING PLAN,,DE,IFE,,HV,PS-TM-T-0306,15-6-14,,,No,32832,1204-TKT-COLANGELI,14-7-7,,CDW,14-7-7,,,,14-7-7,14-10-19,,,complete,100%
1204-00-ST-DWG-016,01,PIPE RACK STAIRS / FDN. (G.A. PLANS & R.C. DETAILS I),,DE,IFC,,ST,PS-OT-T-0155,15-12-21,,,No,1596,1204-Owner-v,15-12-22,,CDW,15-12-21,,,,15-12-21,15-12-23,MT-PS-9301-CS-063,,complete,100%
1204-00-QC-SOI-201B,00,SCOPE OF AUTO THERMAL REACTOR,,DE,IFI,,QC,PS-OT-T-9999,15-6-14,,,No,32633,,,,SCOPE,20-5-15,,,,,,,,complete,100%
1204-00-ST-DWG-172,02,"PIPE BRIDGE "" I "" / STEEL STRUCTURE (PLAN & DETS.)",,DE,IFC,,ST,PS-OT-T-0725,18-12-10,,,No,511,1204-Owner-v,18-12-12,,CDW,18-12-10,,,,18-12-10,,,,complete,100%
1204-00-ST-DWG-1140,01,VB-6301 /FDN. (G.A. & DETAILS),,DE,IFC,,ST,PS-OT-T-0609,18-5-13,,,No,722,1204-Owner-v,18-5-13,,CDW,18-5-15,,,,18-5-15,18-5-15,MT-PS-9609-CS-072-R,,complete,100%
1204-00-QC-SOI-745,00,SCOPE OF INSPECTION FOR FABRICATION & SUPPLY OF GUARD RAIL,,DE,IFI,,QC,PS-OT-T-9999,15-6-14,,,No,32633,,,,SCOPE,20-5-15,,,,,,,,complete,100%
1204-00-PI-MTO-418,01,MATERIAL TAKE OFF FOR FITTING FOR FLARE AND UTILITY LINE(OSBL),,DE,IFE,,PI,PS-OT-T-0953,20-4-21,,,No,13,1204-Owner-v,20-4-22,,MTO,20-4-21,,,,,,,,complete,100%
1204-30-ST-DWG-303,02,"STRUCTURE ""B"" FOR D-3003 & E-3003A/B / STEEL STRUCTURE (STAIR)",,DE,IFC,,ST,PS-OT-T-0452,17-5-31,,,No,1069,1204-Owner-v,17-6-18,,CDW,17-5-31,,,,17-5-31,,,,complete,100%
1204-90-ST-DWG-1023,02,WORK SHOP / PLUMBING LAYOUT & DETAILS,,DE,IFC,,ST,PS-OT-T-0162,15-12-30,,,No,1587,1204-Owner-v,15-12-30,,CDW,15-12-30,,,,15-12-30,16-1-16,,,complete,100%
1204-00-QC-SOI-531,00,SCOPE OF INSPECTION FOR CABLE TRAYS AND LADDERS,,DE,IFI,,QC,PS-OT-T-9999,15-6-14,,,No,32633,,,,SCOPE,20-5-15,,,,,,,,complete,100%
1204-62-PR-DSH-140,00,Process Instrument Data Sheet for Pressure Switches,,BE,IFR,,PR,TM-OT-9001-T-0136,12-7-24,,,No,2841,1204-Owner-v,15-9-16,,DSH,19-10-1,,,20-12-20,12-7-24,,,,InProgress,80%
1204-00-PI-REQ-421,00,REQUISITION FOR BOLT&NUT FOR FLARE AND UTILITY LINE(OSBL),,DE,IFI,,PI,PS-OT-T-0943,20-4-5,,,No,29,1204-Owner-v,20-4-13,,REQ,20-5-15,,,,,,,,InProgress,90%
1204-30-ST-DWG-322,01,"STRUCTURE  ""D"" FOR E-3006,E-3010A/B / STEEL STRUCTURE (PLAN & DETS.)",,DE,IFC,,ST,PS-OT-T-0789,19-5-8,,,No,362,1204-Owner-v,19-5-12,,CDW,19-5-8,,,,19-5-8,,,,complete,100%
1204-20-PR-PID-210,02,PIPING & INSTRUMENTATION DIAGRAM UNIT 200-SYNTHESIS STEAM CONDENSER,,DE,IFC-WH,,PR,PS-OT-T-0659,18-8-5,,,No,638,1204-Owner-v,18-8-8,,EDW,20-6-15,,,20-6-15,18-8-9,,,,InProgress,90%
1204-90-HS-LST-004,02,SAFETY EQUIPMENT LIST FOR SUBSTATION,,DE,IFE,,HSE,PS-OT-T-376,16-12-12,,,No,1239,1204-Owner-v,16-12-24,,LIST,16-12-16,,,,16-12-16,,,,complete,100%
1204-00-ST-DWG-1114,01,PIPE CULVERT /  R.C. DETAILS (I),,DE,IFC,,ST,PS-OT-T-0022,15-4-18,,,No,1843,1204-Owner-v,15-4-19,,CDW,15-4-18,,,,15-4-18,,,,complete,100%
1204-00-PI-APL-3900,00,PIPING PLAN AREA-39,,DE,IFR,,PI,PS-OT-T-0344,16-10-2,,,No,1310,1204-Owner-v,16-10-4,,CDW,20-6-11,,,20-6-11,,,,,InProgress,80%
1204-10-IN-DWG-047,00,INSTRUMENT FIELD & CABLE LAYOUT (AREA 47),,DE,IFR,,IN,PS-OT-T-0355,16-10-29,,,No,1283,1204-Owner-v,16-11-2,,CDW,20-6-26,,,20-6-26,,,,,InProgress,80%
1204-05-EL-SLD-068,00,SINGLE LINE DIAGRAM FOR 05-LP-01,,DE,IFR,,EL,PS-OT-T-0221,16-3-14,16-7-24,,Yes,118,1204-Owner-v,16-3-14,,CDW,20-10-10,,,20-10-10,16-3-17,16-3-28,MT-PS-9301-CS-118,,InProgress,80%
1204-00-EL-DSH-5171,01,DATA SHEET FOR LV VSD PANEL  MS-VSD-01,,DE,IFR,,EL,PS-OT-T-0731,18-12-22,,,No,499,1204-Owner-v,18-12-23,,DSH,20-4-21,,,20-4-21,,,,,InProgress,80%
1204-30-ST-DWG-324,01,"STRUCTURE  ""D"" FOR E-3006 ,E-3010A/B / STEEL STRUCTURE (STAIR)",,DE,IFC,,ST,PS-OT-T-0789,19-5-8,,,No,362,1204-Owner-v,19-5-12,,CDW,19-5-13,,,,19-5-13,,,,complete,100%
1204-00-ST-DWG-183,01,PIPE RACK ZONE 13 / FDN. (G.A. & R.C.),,DE,IFC,,ST,PS-OT-T-0942,20-4-5,,,No,29,1204-Owner-v,20-4-7,,CDW,20-3-31,,,20-5-31,,20-4-6,MT-PS-9609-CS-0325,,complete,100%
1204-90-ST-DWG-1033,02,WAREHOUSE / ELEVATIONS,,DE,IFC,,ST,TM-OT-9001-T-0227,13-1-10,,,No,2671,1204-TKT-COLANGELI,13-1-8,,CDW,13-1-10,,,,13-1-10,,,,complete,100%
1204-90-ST-MTO-1073,00,MATERIAL TAKE OFF FOR FIRE STATION. / ARCHITECTURAL,,DE,IFE,,ST,TM-OT-9001-T-0405,14-10-31,,,No,2012,1204-TKT-COLANGELI,14-10-31,,LIST,14-10-31,,,,14-10-31,14-11-11,MT-TM-9301-CS-008,,complete,100%
1204-30-PV-DSH-234,01,MECHANICAL DATA SHEET FOR SECOND REFINING COLUMN (T-3003),,DE,IFE,,MD,TM-OT-9001-T-0348,14-1-23,,,No,2293,1204-TKT-COLANGELI,14-1-23,,DSH,14-1-23,,,,14-1-23,,,,complete,100%
1204-00-PR-UDD-019,03,UTILITY DISTRIBUTION DIAGRAM FOR OILY WASTE WATER SYSTEM,,DE,IFC-WH,,PR,PS-OT-T-0624,18-6-3,,,No,701,1204-Owner-v,18-6-13,,EDW,20-5-1,,,20-5-1,18-6-17,18-6-13,MT-PS-9609-CS-081,,InProgress,90%
1204-30-PV-DSH-218,01,MECHANICAL DATA SHEET FOR FIRST REFINING COLUMN REFLUX DRUM (D-3003),,DE,IFE,,MD,TM-OT-9001-T-0214,12-12-11,,,No,2701,1204-TKT-COLANGELI,12-12-11,,DSH,12-12-11,,,,12-12-11,,,,complete,100%
1204-00-EL-TBA-504,02,TECHNICAL BID ANALYSIS FOR POWER & DISTRIBUTION TRANSFORMERS,,DE,IFE,,EL,PS-OT-T-0591,18-4-19,,,No,746,1204-Owner-v,18-4-22,,TBA,19-12-31,,,20-1-20,18-5-9,18-5-31,MT-PS-9609-CS-066-R,,complete,100%
1204-22-PR-DSH-142,00,Process Instrument Data Sheet for Level Switches,,BE,IFR,,PR,TM-OT-9001-T-0136,12-7-24,,,No,2841,1204-Owner-v,15-9-16,,DSH,19-10-1,,,20-11-20,12-7-24,,,,InProgress,80%
1204-64-PR-DSH-140,00,Process Instrument Data Sheet for Analyzers,,BE,IFR,,PR,TM-OT-9001-T-0136,12-7-24,,,No,2841,1204-Owner-v,15-9-16,,DSH,19-10-1,,,20-10-20,12-7-24,,,,InProgress,80%
1204-20-IN-DWG-026,00,INSTRUMENT FIELD & CABLE LAYOUT (AREA 26),,DE,IFR,,IN,PS-OT-T-0140,15-12-5,,,No,1612,1204-Owner-v,15-12-6,,CDW,20-6-22,,,20-6-22,15-12-15,16-1-12,MT-PS-9301-CS-086,,InProgress,80%
1204-63-IN-DWG-018,00,INSTRUMENT FIELD & CABLE LAYOUT (AREA 18),,DE,IFR,,IN,PS-OT-T-0220,16-3-14,,,No,1512,1204-Owner-v,16-3-14,,CDW,20-6-19,,,20-6-19,,16-3-16,MT-PS-9301-CS-117-1,,InProgress,80%
1204-40-RE-DSH-045,01,DATA SHEET FOR LP CONDENSATE PUMPS (P-4003 A/B),,DE,IFR,,MC,PS-OT-T-0387,16-12-20,,,No,1231,1204-Owner-v,16-12-24,,DSH,16-12-25,,,,16-12-25,17-5-3,MT-PS-9301-CS-225-R,,InProgress,80%
1204-90-HV-DSH-014,00,DATA SHEET FOR BAL. & SOL. ROOM HOOD CENTRIFUGAL EXHAUST FAN FOR LABORATORY,,DE,IFE,,HV,TM-OT-9001-T-0316,13-9-11,,,No,2427,1204-TKT-COLANGELI,13-9-9,,DSH,13-9-11,,,,13-9-11,,,,InProgress,80%
1204-90-HV-DWG-043,01,ADMINISTRATION - DUCT SUPPORTING AND OPENING LOCATION,,DE,IFC,,HV,TM-OT-9001-T-0382,14-7-7,,,No,2128,1204-TKT-COLANGELI,14-7-7,,CDW,14-7-7,,,,14-7-7,14-10-19,,,complete,100%
1204-00-PV-TBA-206A,00,TECHNICAL BID ANALYSIS FOR COLUMNS (GROUP I),,DE,IFE,,MD,TM-OT-9001-T-0150,12-9-5,,,No,2798,1204-Owner-v,15-9-16,,TBA,12-9-5,,,,12-9-5,,,,complete,100%
1204-00-PI-APL-3400,00,PIPING PLAN AREA-34,,DE,IFR,,PI,PS-OT-T-0287,16-6-13,,,No,1421,1204-Owner-v,16-6-14,,CDW,20-6-11,,,20-6-11,16-6-18,,,,InProgress,80%
1204-00-PI-UPL-6000,03,UNDER GROUND PIPING PLAN AREA-60,,DE,IFC-WH,,PI,PS-OT-T-0628,18-6-13,,,No,691,1204-Owner-v,18-6-18,,CDW,18-6-24,,,,18-6-24,18-6-24,MT-PS-9609-CS-087,,InProgress,90%
1204-10-PR-PID-106,01,PIPING & INSTRUMENTATION DIAGRAM UNIT 100- PRE REFORMER,,DE,IFR,,PR,PS-OT-T-363,16-11-13,,,No,1268,1204-Owner-v,16-12-10,,EDW,20-6-1,,,20-6-1,17-4-1,17-5-20,MT-PS-9301-CS-200-R,,InProgress,80%
1204-30-PR-PID-304,02,PIPING & INSTRUMENTATION DIAGRAM UNIT 300-FIRST REFINING COLUMN,,DE,IFC-WH,,PR,PS-OT-T-0641,18-7-7,,,No,667,1204-Owner-v,18-7-10,,EDW,20-6-15,,,20-6-15,,18-7-10,MT-PS-9609-CS-096,,InProgress,90%
1204-00-ST-DWG-060,04,PIPE RACK ZONE 9 / CONCRETE STRUCTURE ( G.A. PLANS & DETAILS ),,DE,IFC,,ST,PS-OT-T-0176,16-1-9,,,No,1577,1204-Owner-v,16-1-10,,CDW,16-1-16,,,,16-1-16,16-1-10,MT-PS-9301-CS-084,,complete,100%
1204-90-HV-DWG-071,02,GUARD HOUSE - HVAC SYSTEM LAYOUT,,DE,IFC,,HV,TM-OT-9001-T-0379,14-6-26,,,No,2139,1204-TKT-COLANGELI,14-6-26,,CDW,14-6-26,,,,14-6-26,14-11-30,MT-TM-9301-CS-018,,complete,100%
1204-90-HV-DSH-037,00,DATA SHEET FOR CENTRIFUGAL EXHAUST FAN FOR LCR. AND SWR. IN FIRE STATION,,DE,IFE,,HV,TM-OT-9001-T-0316,13-9-11,,,No,2427,1204-TKT-COLANGELI,13-9-9,,DSH,13-9-11,,,,13-9-11,,,,InProgress,80%
1204-00-ST-DWG-049,01,PIPE RACK ZONE 7 / CONCRETE STRUCTURE ( R.C. DETAILS I ),,DE,IFC,,ST,PS-OT-T-0087,15-8-5,,,No,1734,1204-Owner-v,15-8-8,,CDW,15-8-5,,,,15-8-5,,,,complete,100%
1204-30-ST-DWG-332,02,"STRUCTURE ""E"" FOR E-3004,E-3012 / STEEL STRUCTURE (PLAN & DETS.)",,DE,IFC,,ST,PS-OT-T-0413,17-2-7,,,No,1182,1204-Owner-v,17-2-8,,CDW,17-2-14,,,,17-2-14,,,,complete,100%
1204-30-ST-DWG-396,01,T-3002 / FDN. (G.A. & R.C.),,DE,IFC,,ST,TM-OT-9001-T-0392,14-9-9,,,No,2064,1204-TKT-COLANGELI,14-9-9,,CDW,14-9-9,,,,14-9-9,14-8-6,MT-OT-9301-CS-023,,complete,100%
1204-90-HS-DWG-014,02,SAFETY EQUIPMENT LAYOUT FOR WAREHOUSE,,DE,IFE,,HSE,PS-OT-T-376,16-12-12,,,No,1239,1204-Owner-v,16-12-19,,EDW,16-12-16,,,,16-12-16,,,,complete,100%
1204-00-PI-LST-1500,00,A/G ISOMETRIC LIST OF AREA-15,,DE,IFR,,PI,PS-OT-T-0172,16-1-4,,,No,1582,1204-Owner-v,16-1-6,,CDW,19-12-13,,,20-5-28,16-1-9,,,,InProgress,80%
1204-00-PI-LST-6000,01,U/G ISOMETRIC LIST OF AREA-60,,DE,IFC-WH,,PI,PS-OT-T-0628,18-6-13,,,No,691,1204-Owner-v,18-6-18,,CDW,20-6-30,,,20-6-30,,18-6-24,MT-PS-9609-CS-087,,InProgress,90%
1204-64-PI-APL-3100,00,PIPING PLAN AREA-31,,DE,IFR,,PI,PS-OT-T-0324,16-8-23,,,No,1350,1204-Owner-v,16-8-24,,CDW,19-12-13,,,20-5-28,16-8-29,,,,InProgress,80%
1204-90-ST-DWG-920,03,CONTROL ROOM & LABORATORY / WALLS (R.C.DETAILS I ),,DE,IFC,,ST,TM-OT-9001-T-0390,14-8-13,,,No,2091,1204-TKT-COLANGELI,14-8-12,,CDW,14-8-13,,,,14-8-13,14-8-20,MT-OT-9301-CS-018,,complete,100%
1204-00-QC-SOI-505,00,SCOPE OF INSPECTION FOR POWER DISTRIBUTION CONTROL SYSTEM,,DE,IFI,,QC,PS-OT-T-9999,15-6-14,,,No,32633,1204-Owner-v,20-5-13,,SCOPE,20-5-15,,,,,,,,complete,100%
1204-00-HM-TBA-253A,00,TECHNICAL BID ANALYSIS FOR AIR COOLED HEAT EXCHANGERS,,DE,IFE,,MD,TM-OT-9001-T-0220,13-1-7,,,No,2674,1204-TKT-COLANGELI,13-1-7,,TBA,13-1-7,,,,13-1-7,,,,complete,100%
1204-00-PV-TBA-220A,00,TECHNICAL BID ANALYSIS FOR SILENCERS,,DE,IFE,,MD,PS-OT-T-0914,20-2-24,,,No,70,1204-Owner-v,20-2-25,,TBA,20-2-24,,,20-3-13,,20-2-26,MT-PS-9301-CS-0270,,complete,100%
1204-90-ST-DWG-912,03,CONTROL ROOM & LABORATORY / ROOF SLOPING PLAN,,DE,IFC,,ST,TM-OT-9001-T-0390,14-8-13,,,No,2091,1204-TKT-COLANGELI,14-8-12,,CDW,14-8-13,,,,14-8-13,14-8-20,MT-OT-9301-CS-018,,complete,100%
1204-20-PV-DSH-231,01,MECHANICAL DATA SHEET FOR PURGE GAS SCRUBBER COLUMN (T-2001),,DE,IFE,,MD,PS-OT-T-0833,19-11-13,,,No,173,1204-Owner-v,19-11-27,,DSH,19-11-13,,,,19-11-13,,,,complete,100%
1204-00-EL-REQ-507,00,REQUISITION FOR BATTERY CHARGER,,DE,IFI,,EL,PS-OT-T-0490,17-9-18,17-10-18,,Yes,16,1204-Owner-v,17-9-21,,REQ,17-9-20,,,,17-9-20,17-10-9,MT-PS-9301-CS-255,,InProgress,90%
1204-00-RE-TBA-307B,02,TECHNICAL BID ANALYSIS FOR CENTRIFUGAL PUMPS (GROUP B),,DE,IFE,,MC,PS-OT-T-0849,19-12-23,,,No,133,1204-Owner-v,19-12-24,,TBA,19-12-23,,,,,,MT-PS-9301-CS-0247,,complete,100%
1204-30-RE-DSH-043,01,DATA SHEET FOR BOTTOM WATER RECOVERY PUMPS (P-3006 A/B),,DE,IFR,,MC,PS-OT-T-0387,16-12-20,,,No,1231,1204-Owner-v,16-12-24,,DSH,16-12-20,,,,16-12-20,,,,InProgress,80%
1204-90-HV-DSH-100,02,DATA SHEET FOR BLAST PROTECTION VALVE FOR FRESH AIR IN HVAC ROOM IN CONTROL BUILDING,,DE,IFE,,HV,TM-OT-9001-T-0383,14-7-7,,,No,2128,1204-TKT-COLANGELI,14-7-7,,DSH,14-7-7,,,,14-7-7,14-11-22,MT-TM-9301-CS-014,,complete,100%
1204-90-HV-DSH-223,01,DATA SHEET FOR NON RETURN DAMPER FOR SUBSTATION,,DE,IFE,,HV,TM-OT-9001-T-0429,15-1-14,,,No,1937,1204-TKT-COLANGELI,15-1-14,,DSH,15-1-14,,,,15-1-14,15-1-27,MT-TM-9301-CS-033,,complete,100%
1204-90-HV-DSH-261,00,DATA SHEET FOR MOTORIZED BLOCK DAMPER FOR CLINIC AND TRAINING,,DE,IFE,,HV,TM-OT-9001-T-0317,13-9-16,,,No,2422,1204-TKT-COLANGELI,13-9-11,,DSH,13-9-11,,,,13-9-11,,,,InProgress,80%
1204-90-HV-DWG-023,03,SUBSTATION - DUCT SUPPORTING AND OPENING LOCATION,,DE,IFC,,HV,TM-OT-9001-T-0441,15-2-20,,,No,1900,1204-TKT-COLANGELI,15-2-20,,CDW,15-2-20,,,,15-2-20,,,,complete,100%
1204-90-HV-DID-054,02,RESTAURANT - MECHANICAL ROOM GENERAL DIAGRAM,,DE,IFC,,HV,PS-TM-T-0386,15-1-15,,,No,-2812,1204-Owner-v,15-4-18,,CDW,15-1-15,,,,15-1-15,14-10-19,,,complete,100%
1204-90-HV-DSH-081,01,DATA SHEET FOR WALL TYPE EXHAUST FAN FOR LOCKER IN WORKSHOP,,DE,IFE,,HV,TM-OT-9001-T-0452,15-3-6,,,No,1886,1204-TKT-COLANGELI,15-3-4,,DSH,15-3-6,,,,15-3-6,,,,complete,100%
1204-00-PI-LST-1300,00,A/G ISOMETRIC LIST OF AREA-13,,DE,IFR,,PI,PS-OT-T-0283,16-6-12,,,No,1422,1204-Owner-v,16-6-14,,CDW,20-6-11,,,20-6-11,16-6-18,,,,InProgress,80%
1204-20-PI-ISO-6500,01,U/G ISOMETRIC DRAWING OF AREA-65,,DE,IFC-WH,,PI,PS-OT-T-0665,18-8-13,,,No,630,1204-Owner-v,18-8-17,,CDW,20-6-30,,,20-6-30,,,,,InProgress,90%
1204-40-PI-ISO-4400,01,A/G ISOMETRIC DRAWING OF AREA-44,,DE,IFC-WH,,PI,PS-OT-T-0681,18-9-16,,,No,596,1204-Owner-v,18-9-18,,CDW,20-6-16,,,20-6-16,,,,,InProgress,90%
1204-00-MC-MSS-012,00,MATERIAL STANDARD SPECIFICATION FOR RECIPROCATING COMPRESSORS,,DE,IFR,,MC,PS-OT-T-0836,19-11-16,,,No,170,1204-Owner-v,20-1-5,,SPEC,20-4-20,,,20-4-20,,,,,InProgress,80%
1204-00-PV-TBA-201B,00,TECHNICAL BID ANALYSIS FOR AUTO THERMAL REACTOR,,DE,IFE,,MD,PS-OT-T-0224,16-3-16,,,No,1510,1204-Owner-v,16-3-16,,TBA,16-3-17,,,,16-3-17,16-4-18,MT-PS-9301-CS-127,,complete,100%
1204-03-EL-DWG-011,00,"LIGHTING LAYOUT AREA-03 (D-3006, E-3006, 3004, 3010A/B, T-3002)",,DE,IFR,,EL,PS-OT-T-0159,15-12-28,16-7-21,,Yes,192,1204-Owner-v,15-12-30,,CDW,20-7-15,,,20-7-15,16-1-16,16-1-19,MT-PS-9301-CS-078-1,,InProgress,80%
1204-00-IN-DWG-038,00,INSTRUMENT FIELD & CABLE LAYOUT (AREA 38),,DE,IFR,,IN,PS-OT-T-342,16-10-1,,,No,1311,1204-Owner-v,16-10-8,,CDW,20-6-24,,,20-6-24,,16-10-18,MT-PS-9301-CS-190-R,,InProgress,80%
1204-40-ST-DWG-459,01,BOILER (PU-4006 A ) / FDN. (G.A. &  DETAILS III ),,DE,IFC,,ST,PS-OT-T-0243,16-4-16,,,No,1479,1204-Owner-v,16-4-17,,CDW,16-4-16,,,,16-4-16,,,,complete,100%
1204-00-PR-LST-020,00,LINE LIST FOR UTILITY DISTRIBUTION DIAGRAM,,DE,IFR,,PR,PS-OT-T-0419,17-2-14,,,No,1175,1204-Owner-v,17-2-25,,LIST,20-6-1,,,20-6-30,,,,,InProgress,90%
1204-00-PI-TBA-467A,00,TECHNICAL BID ANALYSIS FOR U/G HDPE ITEMS(MTO I),,DE,IFE,,PI,PS-OT-T-0656,18-7-25,,,No,649,1204-Owner-v,18-8-3,,TBA,20-5-15,,,,,,,,complete,100%
1204-00-ST-DWG-1144,01,VB-6303 /FDN. (G.A. & DETAILS),,DE,IFC,,ST,PS-OT-T-0562,18-2-21,,,No,803,1204-Owner-v,18-2-27,,CDW,18-2-21,,,,18-2-21,18-2-27,MT-PS-9609-CS-038,,complete,100%
1204-00-ST-MTO-1134,00,MATERIAL TAKE OFF FOR VB-6102,,DE,IFE,,ST,PS-OT-T-0594,18-4-25,,,No,740,1204-Owner-v,18-4-28,,LIST,18-5-17,,,,18-5-17,18-5-9,MT-PS-9609-CS-064,,complete,100%
1204-20-RE-DSH-061,01,"DATA SHEET FOR E.O.T CRANE FOR SYNGAS COMPRESSOR, CN-2001",,DE,IFR,,MC,PS-OT-T-0660,18-8-5,,,No,638,1204-Owner-v,18-8-15,,DSH,18-8-5,,,,18-8-5,,,,InProgress,80%
1204-30-PI-LST-2200,01,A/G ISOMETRIC LIST OF AREA-22,,DE,IFC-WH,,PI,PS-OT-T-0661,18-8-5,,,No,638,1204-Owner-v,18-8-14,,CDW,20-6-11,,,20-6-11,,,,,InProgress,90%
1204-00-PI-APL-3600,00,PIPING PLAN AREA-36,,DE,IFR,,PI,PS-OT-T-0340,16-9-28,,,No,1314,1204-Owner-v,16-10-1,,CDW,20-6-11,,,20-6-11,16-10-10,,,,InProgress,80%
1204-10-PI-ISO-4500,00,A/G ISOMETRIC DRAWING OF AREA-45,,DE,IFR,,PI,PS-OT-T-0327,16-8-28,,,No,1345,1204-Owner-v,16-8-28,,CDW,20-6-16,,,20-6-16,16-9-3,,,,InProgress,80%
1204-00-EL-SLD-009,00,"SINGLE LINE DIAGRAM FOR 400V SWITCHGEAR -SS01-SWB3A,B-01",,DE,IFR,,EL,PS-OT-T-0523,17-12-25,18-6-30,,Yes,173,1204-Owner-v,17-12-30,,CDW,20-9-30,,,20-9-30,,18-5-31,MT-PS-9609-CS-008-R,,InProgress,80%
1204-00-PI-PPL-008,00,PLOT PLAN UNIT 400,,DE,IFR,,PI,PS-OT-T-0426,17-3-5,,,No,1156,1204-Owner-v,17-3-7,,CDW,20-6-1,,,20-6-1,,17-3-12,MT-PS-9301-CS-219-R,,InProgress,80%
1204-30-IN-DWG-022,00,INSTRUMENT FIELD & CABLE LAYOUT (AREA 22),,DE,IFR,,IN,PS-OT-T-0140,15-12-5,,,No,1612,1204-Owner-v,15-12-6,,CDW,20-6-22,,,20-6-22,15-12-15,16-1-12,MT-PS-9301-CS-086,,InProgress,80%
1204-40-ST-DWG-461,01,BOILER (PU-4006 B ) / FDN. (G.A. &  DETAILS III ),,DE,IFC,,ST,PS-OT-T-0243,16-4-16,,,No,1479,1204-Owner-v,16-4-17,,CDW,16-4-16,,,,16-4-16,,,,complete,100%
1204-05-EL-DWG-002,00,POWER LAYOUT AREA-05 AE-3002,,DE,IFR,,EL,PS-OT-T-0204,16-2-28,16-7-23,,Yes,132,1204-Owner-v,16-3-2,,CDW,20-7-30,,,20-7-30,,16-4-5,MT-PS-9301-CS-119-1,,InProgress,80%
1204-00-EL-DSH-5071,00,DATA SHEET FOR BATTERY CHARGER (MS-CH-01),,DE,IFR,,EL,PS-OT-T-0489,17-9-18,17-10-18,,Yes,16,1204-Owner-v,17-9-21,,DSH,20-4-24,,,20-4-24,17-9-19,17-10-9,MT-PS-9301-CS-253,,InProgress,80%
1204-00-PI-MTO-467A,00,MATERIAL TAKE OFF FOR U/G HDPE ITEMS(MTO I),,DE,IFE,,PI,PS-OT-T-0542,18-1-21,,,No,834,1204-Owner-v,18-1-28,,LIST,18-1-21,,,,18-1-21,18-1-28,MT-PS-9609-CS-020,,complete,100%
1204-00-ST-DWG-1121,01,DV-6101 / R.C. DETAILS,,DE,IFC,,ST,PS-OT-T-0580,18-3-13,,,No,783,1204-Owner-v,18-4-14,,CDW,18-3-13,,,,18-3-13,,,,complete,100%
1204-00-ST-DWG-1149,00,DV-6601 / R.C. DETAILS,,DE,IFR,,ST,PS-OT-T-0722,18-12-1,,,No,520,1204-Owner-v,18-12-3,,CDW,18-12-1,,,,18-12-1,,,,InProgress,80%
1204-90-HV-DWG-062,01,CLINIC AND TRAINING - SECTION OF DUCTING,,DE,IFC,,HV,TM-OT-9001-T-0380,14-7-1,,,No,2134,1204-TKT-COLANGELI,14-7-1,,CDW,14-7-1,,,,14-7-1,,,,complete,100%
1204-90-HV-DSH-036,00,DATA SHEET FOR CENTRIFUGAL EXHAUST FAN FOR TOILET IN FIRE STATION,,DE,IFE,,HV,TM-OT-9001-T-0316,13-9-11,,,No,2427,1204-TKT-COLANGELI,13-9-9,,DSH,13-9-11,,,,13-9-11,,,,InProgress,80%
1204-00-HM-ESS-287,01,ENGINEERING STANDARD SPECIFICATION FOR DOUBLE PIPE HEAT EXCHANGERS,,DE,IFE,,MD,PS-OT-T-0924,20-3-2,,,No,63,1204-Owner-v,20-3-3,,SPEC,20-4-30,,,20-4-30,,20-3-3,MT-PS-9609-CS-0292,,complete,100%
1204-00-ST-DWG-042,03,PIPE RACK ZONE 6 / CONCRETE STRUCTURE ( G.A. PLANS & DETAILS ),,DE,IFC,,ST,PS-OT-T-0176,16-1-9,,,No,1577,1204-Owner-v,16-1-10,,CDW,16-1-16,,,,16-1-16,16-1-10,MT-PS-9301-CS-084,,complete,100%
1204-30-ST-DWG-500,01,T-3003 / FDN. (G.A. & R.C.),,DE,IFC,,ST,TM-OT-9001-T-0392,14-9-9,,,No,2064,1204-TKT-COLANGELI,14-9-9,,CDW,14-9-9,,,,14-9-9,14-8-6,MT-OT-9301-CS-023,,complete,100%
1204-90-HS-DWG-013,02,SAFETY EQUIPMENT LAYOUT FOR WORK SHOP,,DE,IFE,,HSE,PS-OT-T-376,16-12-12,,,No,1239,1204-Owner-v,16-12-19,,EDW,16-12-16,,,,16-12-16,,,,complete,100%
1204-10-QC-SOI-251F,00,SCOPE OF INSPECTION FOR FOR CATALYST TUBES ASSEBLIES-OUTLET,,DE,IFI,,QC,PS-OT-T-9999,15-6-14,,,No,32633,,,,SCOPE,20-5-15,,,,,,,,complete,100%
1204-20-RE-DSH-003,00,DATA SHEET FOR SYNTHESIS GAS CIRCULATOR C-2002,,DE,IFR,,MC,PS-OT-T-0157,15-12-21,,,No,1596,1204-Owner-v,15-12-22,,DSH,15-12-23,,,,15-12-23,16-1-6,MT-PS-9301-CS-076,,InProgress,80%
1204-63-PI-LST-1600,00,A/G ISOMETRIC LIST OF AREA-16,,DE,IFR,,PI,PS-OT-T-0165,15-12-30,,,No,1587,1204-Owner-v,16-1-2,,CDW,19-12-20,,,20-6-4,16-1-6,16-5-7,MT-PS-9301-CS-142,,InProgress,80%
1204-64-PI-ISO-2000,00,A/G ISOMETRIC DRAWING OF AREA-20,,DE,IFR,,PI,PS-OT-T-0165,15-12-30,,,No,1587,1204-Owner-v,16-1-2,,CDW,20-6-4,,,20-6-4,16-1-6,16-5-7,MT-PS-9301-CS-142,,InProgress,80%
1204-10-PI-LST-4600,00,A/G ISOMETRIC LIST OF AREA-46,,DE,IFR,,PI,PS-OT-T-0349,16-10-10,,,No,1302,1204-Owner-v,16-10-23,,CDW,20-6-16,,,20-6-16,16-10-19,,,,InProgress,80%
1204-84-HS-DSH-007,00,DATA SHEET FOR COC WATER SUMP SU-8403,,DE,IFR,,HSE,PS-OT-T-0685,18-9-24,,,No,588,1204-Owner-v,18-10-6,,DSH,19-10-12,,,20-10-10,,,,,InProgress,80%
1204-03-EL-DWG-021,00,"EARTHING LAYOUT FOR AREA-03D-3001, 3002, E-3002, 3004, 3006, 3007, 3010A/B, 3011",,DE,IFR,,EL,PS-OT-T-0115,15-10-10,16-1-14,,Yes,82,1204-Owner-v,15-10-10,,CDW,20-6-30,,,20-6-30,15-10-14,15-11-19,MT-PS-9301-CS-043,,InProgress,80%
1204-05-EL-SLD-070,00,SINGLE LINE DIAGRAM FOR 05-DP-01,,DE,IFR,,EL,PS-OT-T-0203,16-2-28,16-7-21,,Yes,130,1204-Owner-v,16-2-29,,CDW,20-10-10,,,20-10-10,16-3-9,16-3-5,MT-PS-9301-CS-112,,InProgress,80%
1204-00-PI-TBA-460A,00,TECHNICAL BID ANALYSIS FOR COATING & WRAPPING(MTO I),,DE,IFE,,PI,PS-OT-T-0505,17-11-26,,,No,890,1204-Owner-v,17-12-2,,TBA,17-12-2,,,,17-12-2,17-12-20,MT-PS-9301-CS-273,,complete,100%
1204-00-ST-DWG-1132,01,VB-6102 /FDN. (G.A. & DETAILS),,DE,IFC,,ST,PS-OT-T-0562,18-2-21,,,No,803,1204-Owner-v,18-2-27,,CDW,18-2-21,,,,18-2-21,18-2-27,MT-PS-9609-CS-038,,complete,100%
1204-00-ST-TBA-740C,00,TECHNICAL BID ANALYSIS FOR FABRICATION & SUPPLY OF STEEL STRUCTURES (PART C),,DE,IFE,,ST,PS-OT-T-0874,20-1-22,,,No,103,1204-Owner-v,20-1-25,,TBA,20-1-9,,,20-1-10,,20-2-8,MT-PS-9609-CS-0267,,complete,100%
1204-20-ST-DWG-216,01,T-SUPPORTS ON COMBINED  FDN. OF STR. “ A & M “ / CON. STRUCTURE (G.A. & R.C.),,DE,IFC,,ST,PS-OT-T-0800,19-5-28,,,No,342,1204-Owner-v,19-5-28,,CDW,19-5-28,,,,19-5-28,,,,complete,100%
1204-30-ST-DWG-321,02,"STRUCTURE  ""D"" FOR E-3006 ,E-3010A/B / FDN. (G.A. & R.C.)",,DE,IFC,,ST,PS-OT-T-0761,19-3-9,,,No,422,1204-Owner-v,19-3-10,,CDW,19-3-10,,,,19-3-10,,,,complete,100%
1204-40-ST-DWG-425,01,D-4002 / FDN. (G.A. & R.C.),,DE,IFC,,ST,PS-OT-T-0272,16-5-29,,,No,1436,1204-Owner-v,16-5-30,,CDW,16-5-29,,,,16-5-29,16-6-1,MT-PS-9301-CS-156,,complete,100%
1204-90-ST-DWG-902,01,CONTROL ROOM & LABORATORY / FDN.. OF NON BLAST PART(R.C.DETAILS),,DE,IFC,,ST,PS-TM-T-0255,21-9-13,,,No,-497,1204-TKT-COLANGELI,13-9-27,,CDW,20-6-20,,,20-6-20,,,,,InProgress,80%
1204-90-ST-DWG-997,00,"ADMINISTRATION , RESTAURANT & CLINIC BUILDING / PLUMBING LAYOUT (SECOND FLOOR PLAN )",,DE,IFR,,ST,TM-OT-9001-T-0227,13-1-10,,,No,2671,1204-TKT-COLANGELI,13-1-8,,CDW,20-4-30,,,20-4-30,13-1-10,,,,InProgress,80%
1204-90-ST-MTO-1000,00,"MATERIAL TAKE OFF FOR ADMINISTRATION , RESTAURANT & CLINIC BUILDING / ARCHITECTURAL",,DE,IFE,,ST,TM-OT-9001-T-0405,14-10-31,,,No,2012,1204-TKT-COLANGELI,14-10-31,,LIST,14-10-31,,,,14-10-31,14-11-11,MT-TM-9301-CS-008,,complete,100%
1204-00-HM-REQ-256B,00,Requisition for Filters,,DE,IFI,,MD,TM-OT-9001-T-0098,12-6-1,,,No,2894,1204-Owner-v,15-8-5,,REQ,20-4-28,,,20-5-11,12-6-1,,,,InProgress,90%
1204-63-QC-SOI-108,01,SCOPE OF INSPECTION FOR COOLING WATER SYSTEM,,DE,IFP,,QC,PS-OT-T-9999,15-6-14,,,No,32633,,,,SCOPE,20-5-15,,,,,,,,complete,100%
1204-00-HM-TBA-256A,00,TECHNICAL BID ANALYSIS FOR COOLING WATER SIDE STREAM FILTERS,,DE,IFE,,MD,PS-OT-T-0473,17-8-27,,,No,981,1204-Owner-v,17-8-30,,TBA,17-10-3,,,,17-10-3,17-10-4,MT-PS-9301-CS-244-1,,complete,100%
1204-00-EL-REQ-522,00,REQUISITION FOR MV ELECTRICAL MOTORS FOR PRIMERY REFORMER,,DE,IFI,,EL,PS-OT-T-0719,18-11-12,,,No,539,1204-Owner-v,18-11-13,,REQ,19-12-24,,,20-1-6,18-11-17,,,,InProgress,90%
1204-00-ST-DWG-192,01,PIPE RACK ZONE 16 / FDN. (G.A. & R.C.),,DE,IFC,,ST,PS-OT-T-0845,19-12-18,,,No,138,1204-Owner-v,19-12-21,,CDW,19-12-26,,,,19-12-26,,MT-PS-9609-CS-0244,,complete,100%
1204-90-ST-DWG-962,01,"ADMINISTRATION , RESTAURANT, CLINIC & GUARD HOUSE BUILDING / FDN. (R.C. PLAN & DETAILS II )",,DE,IFC,,ST,PS-OT-T-0952,20-4-21,,,No,13,1204-Owner-v,20-4-22,,DWG,20-4-21,,,,20-4-21,,,,complete,100%
1204-00-PI-REQ-463A,01,REQUISITION FOR U/G GASKETS(MTO I),,DE,IFP,,PI,PS-OT-T-0404,17-1-15,,,No,1205,1204-Owner-v,17-1-23,,REQ,17-1-15,,,,17-1-15,,,,complete,100%
1204-65-PV-DSH-214,00,MECHANICAL DATA SHEET FOR FUEL GAS CONDENSATE POT (D-6501),,DE,IFE,,MD,PS-OT-T-0833,19-11-13,,,No,173,1204-Owner-v,19-11-27,,DSH,19-11-13,,,,19-11-13,,,,complete,100%
1204-63-IN-DWG-016,00,INSTRUMENT FIELD & CABLE LAYOUT (AREA 16),,DE,IFR,,IN,PS-OT-T-0220,16-3-14,,,No,1512,1204-Owner-v,16-3-14,,CDW,20-6-19,,,20-6-19,,16-3-16,MT-PS-9301-CS-117-1,,InProgress,80%
1204-30-ST-DWG-346,01,"STRUCTURE  ""F"" FOR D-3004,D-3005,E-3003C/D,E-3005,E-3009 / BEAMS (G.A. PLAN & R.C. DETAILS II)",,DE,IFC,,ST,PS-OT-T-0394,17-1-1,,,No,1219,1204-Owner-v,17-1-2,,CDW,17-1-1,,,,17-1-1,,,,complete,100%
1204-00-PI-REQ-465A,01,REQUISITION FOR  U/G BOLTS & NUTS(MTO I),,DE,IFP,,PI,PS-OT-T-0513,17-12-11,,,No,875,1204-Owner-v,17-12-16,,REQ,17-12-11,,,,17-12-11,18-1-8,MT-PS-9609-CS-004,,complete,100%
1204-30-HM-DSH-240,00,MECHANICAL DATA SHEET FOR REFINING STEAM HEATED REBOILER (E-3004),,DE,IFR,,MD,TM-OT-9001-T-0333,13-11-6,,,No,2371,1204-TKT-COLANGELI,13-11-6,,DSH,13-11-6,,,,13-11-6,,,,complete,100%
1204-90-HV-DSH-064,01,"DATA SHEET FOR CENTRIFUGAL EXHAUST FAN FOR TOILET IN ADMINISTRATION , CLINIC AND RESTAURANT",,DE,IFE,,HV,TM-OT-9001-T-0452,15-3-6,,,No,1886,1204-TKT-COLANGELI,15-3-4,,DSH,15-3-6,,,,15-3-6,,,,InProgress,80%
1204-71-HS-PID-002,02,PIPING AND INSTRUMENTATION DIAGRAM FOR FOAM SYSTEM FOR TK-7101 A/B & TK-7201,,DE,IFR,,HSE,PS-OT-T-0066,15-6-27,,,No,1773,1204-Owner-v,15-6-28,,EDW,19-10-1,19-11-11,,20-7-30,,,,,InProgress,80%
1204-00-ST-DWG-036,00,PIPE RACK ZONE 5 / FRAMING PLANS & DETAILS,,DE,IFR,,ST,TM-OT-9001-T-0286,13-6-5,,,No,2525,1204-TKT-COLANGELI,13-6-4,,CDW,20-6-3,,,20-8-12,13-6-5,,,,InProgress,80%
1204-90-HV-DSH-019,01,DATA SHEET FOR CENTRIFUGAL EXHAUST FAN FOR TOILET & CLEAN TOOLS IN LABORATORY,,DE,IFE,,HV,PS-OT-T-0009,15-3-14,,,No,1878,1204-Owner-v,15-3-17,,DSH,15-3-14,,,,15-3-14,,,,complete,100%
1204-00-ST-DWG-1104,03,RETAINING WALL / G.A. PLAN & R.C. DETAILS (I),,DE,IFC,,ST,TM-OT-9001-T-0418,14-12-9,,,No,1973,1204-TKT-COLANGELI,14-12-9,,CDW,14-12-9,,,,14-12-9,14-12-30,MT-TM-9301-CS-029,,complete,100%
1204-00-HS-PID-001,01,PIPING AND INSTRUMENTATION DIAGRAM FOR SPRAY NOZZLE SYSTEM FOR PUMPS,,DE,IFR,,HSE,PS-OT-T-0739,18-12-22,,,No,499,1204-Owner-v,18-12-23,,EDW,19-10-1,,,20-7-30,,20-4-5,MT-PS-9609-CS-0313-1,,InProgress,80%
1204-00-PI-LST-1100,00,A/G ISOMETRIC LIST OF AREA-11,,DE,IFR,,PI,PS-OT-T-0073,15-7-7,,,No,1763,1204-Owner-v,15-7-11,,CDW,20-5-25,,,20-5-25,15-7-7,,,,InProgress,80%
1204-20-PR-PID-209,02,PIPING & INSTRUMENTATION DIAGRAM UNIT 200-SYNTHESIS STEAM PRODUCTION,,DE,IFC-WH,,PR,PS-OT-T-0659,18-8-5,,,No,638,1204-Owner-v,18-8-8,,EDW,20-6-15,,,20-6-15,18-8-9,,,,InProgress,90%
1204-63-PI-ISO-2100,01,A/G ISOMETRIC DRAWING OF AREA-21,,DE,IFC-WH,,PI,PS-OT-T-0933,20-3-14,,,No,51,1204-Owner-v,20-3-15,,CDW,20-6-11,,,20-6-11,,,,,InProgress,90%
1204-20-ST-DWG-272,02,"STRUCTURE ""A"" FOR D-2003,E-2001A/B,E-2003A/B,E-2002,E-2005A/B,E-2006/STEEL STR.(PLAN & DET. II)",,DE,IFC-WH,,ST,PS-OT-T-0852,19-9-25,,,No,222,1204-Owner-v,19-12-29,,CDW,19-12-31,,,,19-12-31,,MT-PS-9609-CS-0250,,complete,100%
1204-00-IN-DSH-655,00,DATA SHEET FOR DESUPERHEATER VALVES,,DE,IFR,,IN,PS-OT-T-0148,15-12-19,,,No,1598,1204-Owner-v,15-12-20,,DSH,20-8-10,,,20-8-10,,16-8-6,MT-PS-9301-CS-107-1,,InProgress,80%
1204-00-PR-LST-012,00,LINE LIST FOR PROCESS UNIT,,DE,IFR,,PR,PS-OT-T-0141,15-12-5,,,No,1612,1204-Owner-v,15-12-6,,LIST,20-3-27,,,20-5-6,,15-12-23,MT-PS-9301-CS-057-01,,InProgress,90%
1204-02-EL-DWG-013,00,LIGHTING LAYOUT FOR AREA-02 AE-2001,,DE,IFR,,EL,PS-OT-T-0186,16-1-18,16-7-24,,Yes,174,1204-Owner-v,16-1-19,,CDW,20-6-30,,,20-6-30,16-1-24,16-1-26,MT-PS-9301-CS-096,,InProgress,80%
1204-00-ST-DWG-1124,02,DV-6202 /FDN. (G.A. & DETAILS),,DE,IFC,,ST,PS-OT-T-0616,18-5-21,,,No,714,1204-Owner-v,18-5-22,,CDW,18-5-26,,,,18-5-26,18-5-22,MT-PS-9609-CS-075,,complete,100%
1204-00-ST-DWG-1152,01,VB-6905 /FDN. (G.A. & DETAILS),,DE,IFC,,ST,PS-OT-T-0562,18-2-21,,,No,803,1204-Owner-v,18-2-27,,CDW,18-2-21,,,,18-2-21,18-2-27,MT-PS-9609-CS-038,,complete,100%
1204-00-EL-PCJ-501,00,ELECTRICAL EQUIPMENT FIELD TEST PROCEDURE,,DE,IFR,,EL,PS-OT-T-0648,18-7-17,,,No,657,1204-Owner-v,18-7-21,,LIST,18-7-17,,,,18-7-17,,,,InProgress,90%
1204-00-PI-ISO-4000,00,A/G ISOMETRIC DRAWING OF AREA-40,,DE,IFR,,PI,PS-OT-T-0344,16-10-2,,,No,1310,1204-Owner-v,16-10-4,,CDW,20-6-11,,,20-6-11,16-10-10,,,,InProgress,80%
1204-00-PI-LST-3500,00,A/G ISOMETRIC LIST OF AREA-35,,DE,IFR,,PI,PS-OT-T-0327,16-8-28,,,No,1345,1204-Owner-v,16-8-28,,CDW,20-6-11,,,20-6-11,16-9-3,,,,InProgress,80%
1204-90-RE-DSH-063,01,"DATA SHEET FOR E.O.T CRANE FOR WORKSHOPS, CN-9002A/B",,DE,IFR,,MC,PS-OT-T-0660,18-8-5,,,No,638,1204-Owner-v,18-8-15,,DSH,18-8-5,,,,18-8-5,,,,InProgress,80%
1204-30-ST-DWG-310,01,"STRUCTURE ""C"" FOR D-3001,D-3002,E-3001,E-3002,E-3007,E-3011 /CONCRETE STRUCTURE (R.C. & DETS.)",,DE,IFC,,ST,PS-OT-T-0751,19-2-5,,,No,454,1204-Owner-v,19-2-6,,CDW,19-2-5,,,,19-2-5,,,,complete,100%
1204-00-ST-DWG-1108,01,RETAINING WALL / G.A. PLAN & R.C. DETAILS (III),,DE,IFC,,ST,TM-OT-9001-T-0423,14-12-15,,,No,1967,1204-TKT-COLANGELI,14-12-15,,CDW,14-12-15,,,,14-12-15,,,,complete,100%
1204-20-ST-DWG-270,02,"STRUCTURE ""A"" FOR D-2003,E-2001A/B,E-2003A/B,E-2002,E-2005A/B,E-2006/CONC. STR. (G.A. & DETS.)",,DE,IFC,,ST,PS-OT-T-0810,19-6-24,,,No,315,1204-Owner-v,19-6-25,,CDW,19-7-11,,,,19-7-11,,,,complete,100%
1204-10-ST-DWG-165,02,REFORMER (TRANSFERLINE SUPPORTS 8 & 9) / FDN.(G.A. & R.C. DETAILS),,DE,IFC,,ST,PS-OT-T-0818,19-7-22,,,No,287,1204-Owner-v,19-7-24,,CDW,19-7-24,,,,19-7-24,,,,complete,100%
1204-30-ST-DWG-312,01,"STRUCTURE ""C"" FOR D-3001,D-3002,E-3001,E-3002,E-3007,E-3011 /STEEL STRUCTURE (ELE. & DETS.)",,DE,IFC,,ST,PS-OT-T-0751,19-2-5,,,No,454,1204-Owner-v,19-2-6,,CDW,19-2-5,,,,19-2-5,,,,complete,100%
1204-00-EL-DSH-5021,02,"DATA SHEET FOR 6KV SWITCHGEAR, MS-SWB2A,B-01                                                    ",,DE,IFR,,EL,PS-OT-T-0527,18-1-1,18-2-12,,Yes,28,1204-Owner-v,18-1-2,,DSH,20-5-11,,,20-5-11,18-1-27,18-5-31,MT-PS-9609-CS-013-R,,InProgress,80%
1204-20-RE-DSH-004,00,DATA SHEET FOR STEAM TURBINE FOR SYNTHESIS GAS CIRCULATOR STC-2002,,DE,IFR,,MC,PS-OT-T-0157,15-12-21,,,No,1596,1204-Owner-v,15-12-22,,DSH,15-12-23,,,,15-12-23,16-1-6,MT-PS-9301-CS-076,,InProgress,80%
1204-72-PI-UPL-7300,03,UNDER GROUND PIPING PLAN AREA-73,,DE,IFC-WH,,PI,PS-OT-T-0599,18-4-25,,,No,740,1204-Owner-v,18-4-30,,CDW,18-5-3,,,,18-5-3,,,,complete,100%
1204-00-PI-REQ-464A,01,REQUISITION FOR U/G VALVES(MTO I),,DE,IFP,,PI,PS-OT-T-0404,17-1-15,,,No,1205,1204-Owner-v,17-5-7,,REQ,17-1-15,,,,17-1-15,,,,complete,100%
1204-00-PI-LST-4000,00,A/G ISOMETRIC LIST OF AREA-40,,DE,IFR,,PI,PS-OT-T-0344,16-10-2,,,No,1310,1204-Owner-v,16-10-4,,CDW,20-6-11,,,20-6-11,16-10-10,,,,InProgress,80%
1204-00-IN-CAL-001,00,CALCULATION SHEET FOR CONTROL VALVES,,DE,IFR,,IN,TM-OT-9001-T-0320,13-9-24,,,No,2414,1204-TKT-COLANGELI,13-9-24,,CAL,20-5-15,,,,,,,,InProgress,50%
1204-71-ST-MTO-757,00,MATERIAL TAKE OFF FOR DYKE WALL OF TK-7101 A/B & TK-7201,,DE,IFE,,ST,TM-OT-9001-T-0432,15-1-21,,,No,1930,1204-TKT-COLANGELI,15-1-20,,LIST,15-1-20,,,,15-1-20,,,,complete,100%
1204-90-HS-DWG-007,02,FIRE ALARM LAYOUT FOR GUARD HOUSE,,DE,IFE,,HSE,PS-OT-T-379,16-12-12,,,No,1239,1204-Owner-v,16-12-24,,EDW,16-12-12,,,,16-12-12,,,,complete,100%
1204-10-PI-UPL-6800,02,UNDER GROUND PIPING PLAN AREA-68,,DE,IFC-WH,,PI,PS-OT-T-0647,18-7-15,,,No,659,1204-Owner-v,18-7-16,,CDW,18-7-21,,,,18-7-21,18-8-4,MT-PS-9609-CS-098-R,,InProgress,90%
1204-40-PI-ISO-6600,01,U/G ISOMETRIC DRAWING OF AREA-66,,DE,IFC-WH,,PI,PS-OT-T-0682,18-9-16,,,No,596,1204-Owner-v,18-9-18,,CDW,20-6-30,,,20-6-30,18-10-2,,,,InProgress,90%
1204-63-PI-ISO-1600,00,A/G ISOMETRIC DRAWING OF AREA-16,,DE,IFR,,PI,PS-OT-T-0165,15-12-30,,,No,1587,1204-Owner-v,16-1-2,,CDW,19-12-20,,,20-6-4,16-1-6,16-5-7,MT-PS-9301-CS-142,,InProgress,80%
1204-64-PI-LST-2000,00,A/G ISOMETRIC LIST OF AREA-20,,DE,IFR,,PI,PS-OT-T-0165,15-12-30,,,No,1587,1204-Owner-v,16-1-2,,CDW,20-6-4,,,20-6-4,16-1-6,16-5-7,MT-PS-9301-CS-142,,InProgress,80%
1204-71-PI-UPL-7400,03,UNDER GROUND PIPING PLAN AREA-74,,DE,IFC-WH,,PI,PS-OT-T-0598,18-4-25,,,No,740,1204-Owner-v,18-4-30,,CDW,18-5-3,,,,18-5-3,,,,InProgress,90%
1204-10-PI-APL-4500,00,PIPING PLAN AREA-45,,DE,IFR,,PI,PS-OT-T-0327,16-8-28,,,No,1345,1204-Owner-v,16-8-28,,CDW,20-6-16,,,20-6-16,16-9-3,,,,InProgress,80%
1204-03-EL-SLD-061,00,SINGLE LINE DIAGRAM FOR 03-ELP-01,,DE,IFR,,EL,PS-OT-T-0203,16-2-28,16-7-21,,Yes,130,1204-Owner-v,16-2-29,,CDW,20-10-10,,,20-10-10,16-3-9,16-3-5,MT-PS-9301-CS-112,,InProgress,80%
1204-90-ST-DWG-1086,02,GUARD HOUSE / 3D VIEWS,,DE,IFC,,ST,TM-OT-9001-T-0273,13-5-14,,,No,2547,1204-TKT-COLANGELI,13-5-14,,CDW,13-5-14,,,,13-5-14,,,,complete,100%
1204-90-HV-DSH-071,01,DATA SHEET FOR WALL TYPE EXHAUST FAN FOR LAVATORY IN GUARD HOUSE,,DE,IFE,,HV,PS-OT-T-0010,15-3-11,,,No,1881,1204-TKT-COLANGELI,15-3-4,,DSH,15-3-11,,,,15-3-11,,,,complete,100%
1204-05-EL-SLD-069,00,SINGLE LINE DIAGRAM FOR 05-ELP-01,,DE,IFR,,EL,PS-OT-T-0203,16-2-28,16-7-21,,Yes,130,1204-Owner-v,16-2-29,,CDW,20-10-10,,,20-10-10,16-3-9,16-3-5,MT-PS-9301-CS-112,,InProgress,80%
1204-10-HM-REQ-251D,01,"REQUSITION FOR REFORMER INLET AND OUTLET LINES, COLD COLLECTOR & TRANSFER LINE INCLUDING REFRACTORYMATERIAL SUPPLY AND INSTALLATION",,DE,IFP,,MD,PS-OT-T-0894,20-2-16,,,No,78,1204-Owner-v,20-2-26,,REQ,19-10-1,,,19-10-14,,20-3-4,MT-PS-9609-CS-0296,,complete,100%
1204-00-ST-DWG-781,01,INTERCONNECTION CONCRETE CABLE TRENCH / SECTIONS & DETAILS (G.A. & R.C.),,DE,IFC,,ST,PS-OT-T-0769,19-3-16,,,No,415,1204-Owner-v,19-3-18,,CDW,19-3-18,,,,19-3-18,,,,complete,100%
1204-00-ST-DWG-187,00,PIPE RACK ZONE 14 /  STEEL STRUCTURE (PLAN & DETS.),,DE,IFR,,ST,PS-OT-T-0973,20-5-13,,,No,-9,1204-Owner-v,20-5-16,,CDW,20-3-23,,,20-3-23,,,,,InProgress,50%
1204-04-EL-DWG-013,00,LIGHTING LAYOUT FOR AREA-04-AE-3001 AND DA-4001,,DE,IFR,,EL,PS-OT-T-0313,16-7-27,16-10-10,,Yes,61,1204-Owner-v,16-7-27,,CDW,20-7-20,,,20-7-20,16-8-8,16-7-27,MT-PS-9301-CS-181,,InProgress,80%
1204-00-PV-REQ-231B,00,REQUISITION FOR LADDER AND PLATFORMS,,DE,IFI,,MD,PS-OT-T-0455,17-7-2,,,No,1037,1204-Owner-v,17-8-9,,REQ,17-7-5,,,,17-7-5,,,,InProgress,90%
1204-00-ST-MTO-1154,00,MATERIAL TAKE OFF FOR VB-6905,,DE,IFE,,ST,PS-OT-T-0594,18-4-25,,,No,740,1204-Owner-v,18-4-28,,LIST,18-5-17,,,,18-5-17,18-5-9,MT-PS-9609-CS-064,,complete,100%
1204-90-HS-DWG-016,00,FIRE AND GAS ALARM LAYOUT FOR ASU CONTROL ROOM,,DE,IFR,,HSE,PS-OT-T-0713,18-11-4,,,No,547,1204-Owner-v,18-11-6,,EDW,20-7-10,,,20-7-10,,,,,InProgress,80%
1204-00-ST-DWG-1148,00,DV-6601 /FDN. (G.A. & DETAILS),,DE,IFR,,ST,PS-OT-T-0722,18-12-1,,,No,520,1204-Owner-v,18-12-3,,CDW,18-12-1,,,,18-12-1,,,,InProgress,80%
1204-00-PI-MTO-421,00,MATERIAL TAKE OFF FOR  BOLT&NUT FOR FLARE AND UTILITY LINE(OSBL),,DE,IFE,,PI,PS-OT-T-0944,20-4-5,,,No,29,1204-Owner-v,20-4-7,,MTO,20-5-15,,,,,,,,complete,100%
1204-00-QC-SOI-206B,00,SCOPE OF INSPECTION FOR SPECIAL COLUMNS (GROUP II),,DE,IFR,,QC,PS-OT-T-9999,15-12-30,,,No,32633,,,,SCOPE,20-5-15,,,,,,,,InProgress,50%
1204-90-ST-DWG-1053,01,FIRE STATION / SECTIONS & ELEVATIONS,,DE,IFR,,ST,TM-OT-9001-T-0196,12-10-30,,,No,2743,1204-Owner-v,15-8-26,,CDW,12-10-30,,,,12-10-30,,,,InProgress,80%
1204-90-ST-DWG-914,03,"CONTROL ROOM & LABORATORY / BEAMS , WALLS & COLUMNS (G.A. PLAN & DETAILS)",,DE,IFC,,ST,TM-OT-9001-T-0334,13-11-6,,,No,2371,1204-TKT-COLANGELI,13-11-6,,CDW,13-11-6,,,,13-11-6,,,,complete,100%
1204-90-ST-DWG-935,01,SUBSTATION / SECTIONS,,DE,IFC,,ST,TM-OT-9001-T-0341,13-12-18,,,No,2329,1204-TKT-COLANGELI,13-12-16,,CDW,13-12-18,,,,13-12-18,,,,complete,100%
1204-00-QC-SOI-508,00,SCOPE OF INSPECTION FOR LIGHTING & DISTRIBUTION PANEL BOARDS,,DE,IFI,,QC,PS-OT-T-9999,15-6-14,,,No,32633,,,,SCOPE,20-5-15,,,,,,,,complete,100%
1204-40-RE-DSH-047,00,DATA SHEET FOR CONDENSATE PUMPS FOR E-4005 (P-4005 A/B),,DE,IFR,,MC,PS-OT-T-0838,19-11-20,,,No,166,1204-Owner-v,19-11-27,,DSH,19-11-20,,,,,,MT-PS-9301-CS-0246,,InProgress,80%
1204-90-HV-DSH-260,02,DATA SHEET FOR MOTORIZED FIRE DAMPER FOR CLINIC AND TRAINING,,DE,IFE,,HV,PS-OT-T-0270,16-5-25,,,No,1440,1204-Owner-v,16-5-25,,DSH,16-5-28,,,,16-5-28,,,,complete,100%
1204-90-HV-DWG-065,00,CLINIC AND TRAINING - HVAC EQUIPMENT ARRANGEMENT & REFRIGERANT PIPING PLAN,,DE,IFE,,HV,TM-OT-9001-T-0380,14-7-1,,,No,2134,1204-TKT-COLANGELI,14-7-1,,CDW,14-7-1,,,,14-7-1,,,,complete,100%
1204-00-ST-DWG-020,02,PIPE RACK ZONE 2 / CONCRETE STRUCTURE ( R.C. DETAILS II ),,DE,IFC,,ST,PS-OT-T-0023,15-4-19,,,No,1842,1204-Owner-v,15-4-20,,CDW,15-4-19,,,,15-4-19,,,,complete,100%
1204-10-ST-DWG-101,02,D-1001 / FDN. (G.A. & R.C.),,DE,IFC,,ST,PS-OT-T-0318,16-8-10,,,No,1363,1204-Owner-v,16-8-11,,CDW,16-8-16,,,,16-8-16,,,,complete,100%
1204-20-ST-DWG-220,01,T-2001/ FDN. (G.A. & R.C.),,DE,IFC,,ST,PS-OT-T-0171,16-1-4,,,No,1582,1204-Owner-v,16-1-4,,CDW,16-12-25,,,,16-12-25,,,,complete,100%
1204-90-ST-DWG-943,02,"SUBSTATION / COLUMNS (G.A. , R.C. & DETAILS)",,DE,IFC,,ST,TM-OT-9001-T-0369,14-5-23,,,No,2173,1204-TKT-COLANGELI,14-5-21,,CDW,14-5-23,,,,14-5-23,,,,complete,100%
1204-00-EL-DIG-517,00,VSD CONTROL CIRCUIT DIAGRAM,,DE,IFR,,EL,PS-OT-T-0730,18-12-22,,,No,499,1204-Owner-v,18-12-23,,CDW,20-4-22,,,20-4-22,,,,,InProgress,80%
1204-20-RE-DSH-030,00,Data Sheet for Steam Turbine for First Saturator Pumps PT-2003 A,,DE,IFR,,MC,TM-OT-9001-T-0075,12-5-29,,,No,2897,1204-Owner-v,15-9-16,,DSH,12-5-29,,,,12-5-29,,,,InProgress,80%
1204-00-PR-UDD-016,01,"UTILITY DISTRIBUTION DIAGRAM FOR NITROGEN, INSTRUMENT AIR, PLANT AIR & FUEL GAS DISTRIBUTION SYSTEM",,DE,IFR,,PR,PS-OT-T-0416,17-2-11,,,No,1178,1204-Owner-v,17-2-19,,EDW,20-5-1,,,20-5-1,,,,,InProgress,80%
1204-00-EL-REQ-517,01,REQUISITION FOR LV VSD PANELS,,DE,IFI,,EL,PS-OT-T-0732,18-12-22,,,No,499,1204-Owner-v,18-12-23,,REQ,18-12-22,,,,18-12-22,,,,InProgress,90%
1204-22-PR-DSH-144,00,Process Instrument Data Sheet for Restriction Orifice,,BE,IFR,,PR,TM-OT-9001-T-0136,12-7-24,,,No,2841,1204-Owner-v,15-9-16,,DSH,19-10-1,,,20-11-20,12-7-24,,,,InProgress,80%
1204-90-HV-DSH-070,01,DATA SHEET FOR WALL TYPE EXHAUST FAN FOR TEA ROOM IN GUARD HOUSE,,DE,IFE,,HV,PS-OT-T-0010,15-3-11,,,No,1881,1204-TKT-COLANGELI,15-3-4,,DSH,15-3-11,,,,15-3-11,,,,complete,100%
1204-90-HV-DWG-001,05,CONTROL ROOM - DUCTING LAYOUT,,DE,IFC,,HV,PS-OT-T-0706,18-10-22,,,No,560,1204-Owner-v,18-10-24,,CDW,18-10-22,,,,18-10-22,,,,complete,100%
1204-90-HV-DSH-038,00,DATA SHEET FOR CENTRIFUGAL EXHAUST FAN FOR PRAYER ROOM IN FIRE STATION,,DE,IFE,,HV,TM-OT-9001-T-0316,13-9-11,,,No,2427,1204-TKT-COLANGELI,13-9-9,,DSH,13-9-11,,,,13-9-11,,,,InProgress,80%
1204-83-HS-DBS-001,00,DESIGN BASIS FOR FLARE SYSTEM,,DE,IFR,,HSE,PS-TM-T-0196,14-1-13,,,No,2303,1204-TKT-COLANGELI,13-1-15,,DBS,20-5-15,,,,,,,,InProgress,50%
1204-30-ST-DWG-358,01,D-3007 / FDN. (G.A. & R.C.),,DE,IFC,,ST,PS-OT-T-338,16-9-19,,,No,1323,1204-Owner-v,16-9-21,,CDW,16-9-19,,,,16-9-19,16-9-21,MT-PS-9301-CS-189,,complete,100%
1204-30-ST-DWG-392,01,T-3001 / FDN. (G.A. & R.C.),,DE,IFC,,ST,TM-OT-9001-T-0394,14-9-15,,,No,2058,1204-TKT-COLANGELI,14-9-12,,CDW,14-7-15,,,,14-7-15,,,,complete,100%
1204-20-RE-DSH-001,00,DATA SHEET FOR SYNTHESIS GAS COMPRESSOR C-2001,,DE,IFR,,MC,PS-OT-T-0157,15-12-21,,,No,1596,1204-Owner-v,15-12-22,,DSH,15-12-23,,,,15-12-23,16-1-6,MT-PS-9301-CS-076,,InProgress,80%
1204-00-PI-LST-3400,00,A/G ISOMETRIC LIST OF AREA-34,,DE,IFR,,PI,PS-OT-T-0287,16-6-13,,,No,1421,1204-Owner-v,16-6-14,,CDW,20-6-11,,,20-6-11,16-6-18,,,,InProgress,80%
1204-71-PI-APL-3200,00,PIPING PLAN AREA-32,,DE,IFR,,PI,TM-OT-9001-T-0427,15-1-12,,,No,1939,1204-TKT-COLANGELI,15-1-12,,CDW,19-12-13,,,20-5-28,15-1-12,,,,InProgress,80%
1204-00-PI-TBA-464A,01,TECHNICAL BID ANALYSIS FOR U/G VALVES(MTO I),,DE,IFE,,PI,PS-OT-T-0266,16-5-18,,,No,1447,1204-Owner-v,16-5-18,,TBA,16-5-18,,,,16-5-18,,,,complete,100%
1204-02-EL-SLD-057,00,SINGLE LINE DIAGRAM FOR 02-ELP-01,,DE,IFR,,EL,PS-OT-T-0203,16-2-28,16-7-21,,Yes,130,1204-Owner-v,16-2-29,,CDW,20-10-10,,,20-10-10,16-3-9,16-3-5,MT-PS-9301-CS-112,,InProgress,80%
1204-03-EL-SLD-060,00,SINGLE LINE DIAGRAM FOR 03-LP-01,,DE,IFR,,EL,PS-OT-T-0203,16-2-28,16-7-21,,Yes,130,1204-Owner-v,16-2-29,,CDW,20-10-10,,,20-10-10,16-3-9,16-3-5,MT-PS-9301-CS-112,,InProgress,80%
1204-03-EL-DWG-022,00,"EARTHING LAYOUT FOR AREA-03 D-3003, 3004, 3005& E-3003A/B/C/D",,DE,IFR,,EL,PS-OT-T-0230,13-4-6,16-7-23,,Yes,1190,1204-Owner-v,16-4-7,,CDW,20-7-15,,,20-7-15,16-4-16,16-4-18,MT-PS-9301-CS-130,,InProgress,80%
1204-00-ST-MTO-1130,00,MATERIAL TAKE OFF FOR DV-6301,,DE,IFE,,ST,PS-OT-T-0594,18-4-25,,,No,740,1204-Owner-v,18-4-28,,LIST,18-5-17,,,,18-5-17,18-5-9,MT-PS-9609-CS-064,,complete,100%
1204-00-PV-REQ-205B,00,REQUISITION FOR INTERNALS (GROUP II),,DE,IFI,,MD,PS-OT-T-0605,18-5-12,,,No,723,1204-Owner-v,18-5-13,,REQ,18-5-17,,,,18-5-17,,,,InProgress,90%
1204-10-HM-TBA-251D,01,"TECHNICAL BID ANALYSIS FOR REFORMER INLET AND OUTLET LINES, COLD COLLECTOR & TRANSFER LINE INCLUDING REFRACTORYMATERIAL SUPPLY AND INSTALLATION",,DE,IFE,,MD,PS-OT-T-0872,20-1-20,,,No,105,1204-Owner-v,20-1-23,,TBA,20-1-18,,,20-1-31,,,,,complete,100%
1204-10-HM-TBA-251E,00,TECHNICAL BID ANALYSIS FOR EXPANSION JOINTS OF PRIMARY REFORMER PACKAGE,,DE,IFE,,MD,PS-OT-T-0871,20-1-15,,,No,110,1204-Owner-v,20-1-15,,TBA,20-6-30,,,20-7-21,,20-1-3,MT-PS-9609-CS-0262,,complete,100%
1204-00-PR-PID-013,01,PIPING & INSTRUMENTATION DIAGRAM FOR UNIT 50- BATTERY LIMIT,,DE,IFR,,PR,PS-OT-T-365,16-11-13,,,No,1268,1204-Owner-v,16-11-16,,EDW,20-8-1,,,20-10-20,17-4-16,17-5-20,MT-PS-9301-CS-201-R,,InProgress,80%
1204-10-HM-REQ-251B,02,REQUISITION FOR STEEL WORK SUPPLY AND SHOP PREFABRICATION (FURNACE),,DE,IFP,,MD,PS-OT-T-0792,19-5-11,,,No,359,1204-Owner-v,19-5-12,,REQ,19-5-15,,,,19-5-15,,,,complete,100%
1204-30-PI-LST-2800,01,A/G ISOMETRIC LIST OF AREA-28,,DE,IFC-WH,,PI,PS-OT-T-0666,18-8-13,,,No,630,1204-Owner-v,18-8-17,,CDW,20-6-11,,,20-6-11,,,,,InProgress,90%
1204-40-PI-ISO-4200,00,A/G ISOMETRIC DRAWING OF AREA-42,,DE,IFR,,PI,PS-OT-T-0327,16-8-28,,,No,1345,1204-Owner-v,16-8-28,,CDW,20-1-13,,,20-6-25,16-9-3,,,,InProgress,80%
1204-10-PV-DSH-201,00,MECHANICAL DATA SHEET FOR HYDROGENATOR REACTOR (R-1001),,DE,IFR,,MD,PS-OT-T-0124,15-11-2,,,No,1645,1204-Owner-v,15-11-2,,DSH,15-11-4,,,,15-11-4,15-11-14,MT-PS-9301-CS-041,,InProgress,80%
1204-83-PV-DSH-213,00,MECHANICAL DATA SHEET FOR FLARE KNOCK-OUT DRUM (D-8301),,DE,IFR,,MD,PS-OT-T-0833,19-11-13,,,No,173,1204-Owner-v,19-11-27,,DSH,19-11-13,,,,19-11-13,,,,InProgress,80%
1204-00-PR-UDD-022,00,UTILITY DISTRIBUTION DIAGRAM FOR LP STEAM  DISTRIBUTION SYSTEM,,DE,IFR,,PR,PS-OT-T-0416,17-2-11,,,No,1178,1204-Owner-v,17-2-19,,EDW,20-5-1,,,20-5-1,17-2-23,,,,InProgress,80%
1204-00-IN-DWG-039,00,INSTRUMENT FIELD & CABLE LAYOUT (AREA 39),,DE,IFR,,IN,PS-OT-T-358,16-11-7,,,No,1274,1204-Owner-v,16-11-9,,CDW,20-6-24,,,20-6-24,,17-1-11,MT-PS-9301-CS-196-R,,InProgress,80%
1204-05-EL-DWG-011,00,LIGHTING LAYOUT FOR AREA-05 AE-3002,,DE,IFR,,EL,PS-OT-T-0186,16-1-18,16-7-24,,Yes,174,1204-Owner-v,16-1-19,,CDW,20-7-30,,,20-7-30,16-1-24,16-1-26,MT-PS-9301-CS-096,,InProgress,80%
1204-62-RE-DSH-023,00,DATA SHEET FOR EMERGENCY AIR COMPRESSOR C-6201,,DE,IFR,,MC,PS-OT-T-0436,17-4-9,,,No,1121,1204-Owner-v,17-4-18,,DSH,17-4-16,,,,17-4-16,,,,InProgress,80%
1204-00-PI-TBA-465A,00,TECHNICAL BID ANALYSIS FOR  U/G BOLTS & NUTS(MTO I),,DE,IFE,,PI,PS-OT-T-0463,17-8-5,,,No,1003,1204-Owner-v,17-8-6,,TBA,17-8-8,,,,17-8-8,17-8-13,MT-PS-9301-CS-230,,complete,100%
1204-10-ST-DWG-146,01,REFORMER (S-1001)  /  FDN. (G.A.& R.C.),,DE,IFC,,ST,PS-OT-T-0635,18-6-23,,,No,681,1204-Owner-v,18-6-26,,CDW,18-8-25,,,,18-8-25,18-7-1,MT-PS-9609-CS-091,,complete,100%
1204-30-ST-DWG-306,04,"STRUCTURE ""C"" FOR D-3001,D-3002,E-3001,E-3002,E-3007,E-3011 / CONCRETE  STRUCTURE (PLAN & DETS.)",,DE,IFC,,ST,PS-OT-T-0778,19-4-14,,,No,386,1204-Owner-v,19-4-17,,CDW,19-4-18,,,,19-4-18,,,,complete,100%
1204-00-ST-DWG-1116,04,RETAINING WALL (WEST) / G.A. PLANS & DETAILS,,DE,IFC-WH,,ST,PS-OT-T-0816,19-7-15,,,No,294,1204-Owner-v,19-7-20,,CDW,19-7-20,,,,19-7-20,,,,complete,100%
1204-72-PR-DSH-102,00,DATA SHEET FOR CRUDE METHANOL TRANSFER PUMPS (P-7201 A/B),,BE,IFR,,PR,TM-OT-9001-T-0242,13-3-14,,,No,2608,1204-Owner-v,15-9-16,,DSH,13-3-14,,,,13-3-14,,,,complete,100%
1204-00-HS-ESS-155,02,ENGINEERING STANDARD SPECIFICATION FOR FIRE PROOFING CRITERIA,,DE,IFE,,HSE,PS-OT-T-0097,15-9-9,,,No,1699,1204-Owner-v,15-9-10,,SPEC,15-9-17,,,,15-9-17,,,,complete,100%
1204-63-PR-DBS-101,00,Basic Engineering Design Basis For Cooling Water System,,BE,IFR,,PR,TM-OT-9001-T-0007,11-5-10,,,No,3282,1204-TKT-proietti,11-5-9,,EDW,20-5-1,,20-5-30,20-6-30,11-5-10,,,,InProgress,80%
1204-03-EL-DWG-010,00,LIGHTING LAYOUT AREA-03,,DE,IFR,,EL,PS-OT-T-0139,15-11-29,16-7-24,,Yes,224,1204-Owner-v,15-12-5,,CDW,20-7-15,,,20-7-15,15-12-17,15-12-26,MT-PS-9301-CS-066,,InProgress,80%
1204-03-EL-DWG-030,00,COMMUNICATION AND CCTV LAYOUT  AREA 03,,DE,IFR,,EL,PS-OT-T-0139,15-11-29,16-7-24,,Yes,224,1204-Owner-v,15-12-5,,CDW,20-7-15,,,20-7-15,15-12-17,15-12-26,MT-PS-9301-CS-066,,InProgress,80%
1204-05-EL-DWG-001,01,POWER LAYOUT - AREA 05,,DE,IFR,,EL,PS-OT-T-0130,15-11-9,16-7-24,,Yes,244,1204-Owner-v,15-11-10,,CDW,20-7-30,,,20-7-30,,15-12-8,MT-PS-9301-CS-053,,InProgress,80%
1204-90-EL-DWG-730,01,WORK SHOP BUILDING COMMUNICATION LAYOUT,,DE,IFC,,EL,TM-OT-9001-T-0351,14-1-29,15-3-3,,Yes,384,1204-TKT-COLANGELI,14-1-29,,CDW,14-1-29,,,,14-1-29,,,,complete,100%
1204-00-EL-MSS-514,01,MATERIAL STANDARD SPECIFICATION FOR CLOSED CIRCUIT TELEVISION SYSTEM,,DE,IFE,,EL,TM-OT-9001-T-0414,14-12-3,,,No,1979,1204-TKT-COLANGELI,14-12-3,,SPEC,14-12-3,,,,14-12-3,,,,complete,100%
1204-00-PI-SDG-404,01,STANDARD DRAWING FOR PIPING SUPPORT,,DE,IFE,,PI,TM-OT-9001-T-0426,15-1-12,,,No,1939,1204-TKT-COLANGELI,15-1-7,,SPEC,15-1-12,,,,15-1-12,,,,complete,100%
1204-00-PV-ESS-244,01,ENGINEERING STANDARD SPECIFICATION FOR ATMOSPHERIC STORAGE TANK,,DE,IFE,,MD,PS-OT-T-0924,20-3-2,,,No,63,1204-Owner-v,20-4-10,,SPEC,20-4-30,,,20-4-30,,20-3-3,MT-PS-9609-CS-0292,,complete,100%
1204-72-PR-UFD-721,01,UTILITY FLOW DIAGRAM FOR CRUDE METHANOL STORAGE TANK,,BE/DE,IFE,,PR,TM-OT-9001-T-0242,13-3-14,,,No,2608,1204-TKT-COLANGELI,13-3-12,,EDW,13-3-14,,,,13-3-14,,,,complete,100%
1204-00-ST-SDG-765,01,STANDARD DRAWING FOR PLUMBING,,DE,IFC,,ST,PS-OT-T-0045,15-5-18,,,No,1813,1204-Owner-v,15-5-19,,SPEC,15-5-18,,,,15-5-18,,,,complete,100%
1204-00-ST-ESS-738,01,ENGINEERING STANDARD SPECIFICATION FOR BUILDING PLUMBING,,DE,IFC,,ST,PS-OT-T-0031,15-5-4,,,No,1827,1204-Owner-v,15-5-5,,SPEC,15-5-4,,,,15-5-4,,,,complete,100%
1204-72-PR-DBS-101,01,BASIC ENGINEERING DESIGN BASIS FOR CRUDE METHANOL STORAGE TANK,,BE/DE,IFE,,PR,TM-OT-9001-T-0297,13-7-3,,,No,2497,1204-TKT-COLANGELI,13-7-2,,EDW,13-7-3,,,,13-7-3,,,,complete,100%
1204-00-EL-DSH-5034,01,"DATA SHEET FOR LV SWITCHGEAR  (MS-SWB3A,B-04)",,DE,IFR,,EL,PS-OT-T-0527,18-1-1,18-2-12,,Yes,28,1204-Owner-v,18-1-2,,DSH,20-5-12,,,20-5-12,18-1-27,18-5-31,MT-PS-9609-CS-013-R,,InProgress,80%
1204-00-EL-MSS-505,01,MATERIAL STANDARD SPECIFICATION FOR POWER DISTRIBUTION CONTROL SYSTEM,,DE,IFE,,EL,TM-OT-9001-T-0417,14-12-3,,,No,1979,1204-TKT-COLANGELI,14-12-3,,SPEC,14-12-3,,,,14-12-3,,,,complete,100%
1204-64-PR-UFD-641,02,UTILITY FLOW DIAGRAM FOR WATER POLISHING SYSTEM,,BE/DE,IFE,,PR,PS-OT-T-0053,15-5-30,,,No,1801,1204-Owner-v,15-5-30,,EDW,15-5-30,,,,15-5-30,,,,complete,100%
1204-00-EL-SCH-5032,00,"LV SWITCHGEAR SCHEDULE (MS-SWB3A,B-02)",,DE,IFR,,EL,TM-OT-9001-T-0319,13-9-25,,,No,2413,1204-TKT-COLANGELI,13-9-23,,LIST,20-5-11,,,20-5-11,13-9-24,,,,InProgress,90%
1204-06-EL-DWG-010,00,LIGHTING LAYOUT AREA-06,,DE,IFR,,EL,PS-OT-T-0186,16-1-18,16-7-24,,Yes,174,1204-Owner-v,16-1-19,,CDW,20-8-20,,,20-8-20,16-1-24,16-1-26,MT-PS-9301-CS-096,,InProgress,80%
1204-90-EL-DWG-021,01,SUBSTATION LIGHTNING PROTECTION LAYOUT,,DE,IFC,,EL,TM-OT-9001-T-0349,14-1-23,,,No,2293,1204-TKT-COLANGELI,14-1-23,,CDW,12-10-19,,,,12-10-19,,,,complete,100%
1204-90-EL-SLD-034,01,SUBSTATION NORMAL LIGHTING PANEL ONE LINE DIAGRAM,,DE,IFC,,EL,TM-OT-9001-T-0349,14-1-23,15-3-3,,Yes,390,1204-TKT-COLANGELI,14-1-23,,CDW,14-1-23,,,,14-1-23,,,,complete,100%
1204-00-HS-SCH-001,02,FIRE PROOFING SCHEDULE FOR PROCESS UNITS,,DE,IFC-WH,,HSE,PS-OT-T-0383,16-12-12,,,No,1239,1204-Owner-v,16-12-24,,LIST,20-7-10,,,20-7-10,16-12-19,,,,complete,100%
1204-20-HS-PID-002,01,PIPING AND INSTRUMENTATION DIAGRAM FOR FOAM SYSTEM FOR C-2001 & C-2002,,DE,IFR,,HSE,PS-OT-T-0545,18-2-3,,,No,821,1204-Owner-v,18-2-4,,EDW,19-10-1,,,20-7-30,,18-2-7,MT-PS-9609-CS-024,,InProgress,80%
1204-84-HS-PID-840,00,PIPING AND INSTRUMENTATION DIAGRAM FOR OILY WATER TREATMENT SYSTEM,,DE,IFR,,HSE,PS-OT-T-0687,18-9-24,,,No,588,1204-Owner-v,18-10-6,,EDW,19-10-1,,,20-7-30,,,,,InProgress,80%
1204-00-IN-TBA-605,01,TECHNICAL BID ANALYSIS FOR CONTROL VALVES,,DE,IFE,,IN,PS-OT-T-0860,20-1-1,,,No,124,1204-Owner-v,20-1-1,,TBA,20-1-1,,,,,20-1-26,MT-PS-9609-CS-0258,,complete,100%
1204-00-EL-MSS-520,01,MATERIAL STANDARD SPECIFICATION FOR AIR CRAFT WARNING LIGHTS,,DE,IFE,,EL,TM-OT-9001-T-0414,14-12-3,,,No,1979,1204-TKT-COLANGELI,14-12-3,,SPEC,14-12-3,,,,14-12-3,,,,complete,100%
1204-00-IN-MSS-625,01,MATERIAL STANDARD SPECIFICATION FOR TEMP. ELEMENTS / TRANSMITTERS & THERMOWELLS,,DE,IFE,,IN,PS-OT-T-0051,15-5-26,,,No,1805,1204-Owner-v,15-5-27,,SPEC,15-5-26,,,,15-5-26,,,,complete,100%
1204-00-IN-MSS-641,01,MATERIAL STANDARD SPECIFICATION FOR TEMPERATURE GAUGES,,DE,IFE,,IN,PS-OT-T-0051,15-5-26,,,No,1805,1204-Owner-v,15-5-27,,SPEC,15-5-26,,,,15-5-26,,,,complete,100%
1204-62-PR-DSH-103,01,DATA SHEET FOR EMERGENCY INSTRUMENT AIR STORAGE (D-6202),,BE,IFE,,PR,PS-OT-T-0179,16-1-11,,,No,1575,1204-Owner-v,16-1-12,,DSH,16-1-19,,,,16-1-19,16-1-26,MT-PS-9301-CS-093-1,,complete,100%
1204-00-EL-SCH-5031,00,"LV SWITCHGEAR SCHEDULE (MS-SWB3A,B-01)",,DE,IFR,,EL,TM-OT-9001-T-0319,13-9-25,,,No,2413,1204-TKT-COLANGELI,13-9-23,,LIST,20-5-11,,,20-5-11,13-9-24,,,,InProgress,90%
1204-90-EL-DWG-721,01,WORK SHOP BUILDING LIGHTNING PROTECTION LAYOUT,,DE,IFC,,EL,TM-OT-9001-T-0349,14-1-23,,,No,2293,1204-TKT-COLANGELI,14-1-23,,CDW,14-1-23,,,,14-1-23,,,,complete,100%
1204-90-EL-DWG-910,01,WAREHOUSE BUILDING LIGHTING AND SMALL POWER LAYOUT,,DE,IFC,,EL,TM-OT-9001-T-0349,14-1-23,,,No,2293,1204-TKT-COLANGELI,14-1-23,,CDW,14-1-23,,,,14-1-23,,,,complete,100%
1204-00-EL-MSS-501,01,MATERIAL STANDARD SPECIFICATION FOR NEUTRAL GROUNDING RESISTORS,,DE,IFE,,EL,TM-OT-9001-T-0417,14-12-3,,,No,1979,1204-TKT-COLANGELI,14-12-3,,SPEC,14-12-3,,,,14-12-3,14-12-31,MT-TM-9301-CS-032,,complete,100%
1204-00-IN-MSS-607,01,MATERIAL STANDARD SPECIFICATION FOR RUPTURE DISCS,,DE,IFE,,IN,PS-OT-T-0048,15-5-23,,,No,1808,1204-Owner-v,15-5-24,,SPEC,15-5-23,,,,15-5-23,,,,complete,100%
1204-00-ST-SDG-758,01,STANDARD DRAWING FOR FIRE PROOFING,,DE,IFC,,ST,PS-OT-T-0041,15-5-13,,,No,1818,1204-Owner-v,15-5-13,,SPEC,15-5-13,,,,15-5-13,,,,complete,100%
1204-22-PR-DSH-103,00,Data Sheet For Machinery Cooling Water Storage Tank (TK-2201),,BE,IFR,,PR,TM-OT-9001-T-0013,11-6-6,,,No,3255,1204-TKT-proietti,11-6-6,,DSH,20-5-1,,,20-6-30,,,,,InProgress,80%
1204-22-PR-DSH-104,00,Data Sheet For Machinery Cooling Water Coolers (E-2201),,BE,IFR,,PR,TM-OT-9001-T-0012,11-6-1,,,No,3260,1204-TKT-proietti,11-5-30,,DSH,20-5-1,,,20-6-30,,,,,InProgress,80%
1204-64-PR-DSH-104,01,DATA SHEET FOR DEMIN WATER STORAGE TANK (TK-6402),,BE,IFE,,PR,TM-OT-9001-T-0299,13-7-4,,,No,2496,1204-Owner-v,15-9-16,,DSH,13-7-4,,,,13-7-4,,,,complete,100%
1204-00-EL-MSS-512,01,MATERIAL STANDARD SPECIFICATION FOR TELEPHONE SYSTEM,,DE,IFE,,EL,TM-OT-9001-T-0417,14-12-3,,,No,1979,1204-TKT-COLANGELI,14-12-3,,SPEC,14-12-3,,,,14-12-3,,,,complete,100%
1204-64-PR-DSH-110,00,Data Sheet For Caustic Unloading Pump (P-6406),,BE,IFR,,PR,TM-OT-9001-T-0013,11-6-6,,,No,3255,1204-TKT-proietti,11-6-6,,DSH,20-5-1,,,20-6-30,11-6-6,,,,InProgress,80%
1204-00-HM-MSS-288,00,Material Standard Specification Of Plate Heat Exchanger,,DE,IFR,,MD,TM-OT-9001-T-0080,12-5-29,,,No,2897,1204-Owner-v,15-9-14,,SPEC,12-5-29,,,,12-5-29,,,,InProgress,80%
1204-00-EL-SLD-004,01,"SINGLE LINE DIAGRAM FOR 400V SWITCHGEAR - MS-SWB3A,B-02",,DE,IFR,,EL,PS-OT-T-0523,17-12-25,18-6-30,,Yes,173,1204-Owner-v,17-12-30,,CDW,20-9-30,,,20-9-30,,18-1-20,MT-PS-9609-CS-008,,InProgress,80%
1204-90-EL-DWG-011,01,SUBSTATION SMALL POWER LAYOUT,,DE,IFC,,EL,TM-OT-9001-T-0349,14-1-23,15-3-3,,Yes,390,1204-TKT-COLANGELI,14-1-23,,CDW,12-10-19,,,,12-10-19,,,,complete,100%
1204-00-PI-CSS-411,01,CONSTRUCTION STANDARD SPECIFICATION FOR PIPING FABRICATION & ERECTION,,DE,IFE,,PI,TM-OT-9001-T-0426,15-1-12,,,No,1939,1204-TKT-COLANGELI,15-1-7,,SPEC,15-1-12,,,,15-1-12,,,,complete,100%
1204-00-ST-SDG-756,01,STANDARD DRAWING FOR STEEL STAIRS,,DE,IFC,,ST,PS-OT-T-0041,15-5-13,,,No,1818,1204-Owner-v,15-5-13,,SPEC,15-5-13,,,,15-5-13,,,,complete,100%
1204-00-EL-SCH-5035,00,"LV SWITCHGEAR SCHEDULE (MS-SWB3A,B,C-05)",,DE,IFR,,EL,TM-OT-9001-T-0319,13-9-25,,,No,2413,1204-TKT-COLANGELI,13-9-23,,LIST,20-5-12,,,20-5-12,13-9-24,,,,InProgress,90%
1204-00-EL-TBA-502,00,TECHNICAL BID ANALYSIS FOR MEDIUM VOLTAGE SWITCHGEARS,,DE,IFE,,EL,PS-OT-T-0619,18-5-28,,,No,707,1204-Owner-v,18-6-3,,TBA,18-5-28,,,,18-5-28,18-6-23,MT-PS-9609-CS-085-R,,complete,100%
1204-00-EL-MSS-503,01,MATERIAL STANDARD SPECIFICATION FOR L.V SWITCHGEARS/MCC,,DE,IFE,,EL,TM-OT-9001-T-0417,14-12-3,,,No,1979,1204-TKT-COLANGELI,14-12-3,,SPEC,14-12-3,,,,14-12-3,,,,complete,100%
1204-00-EL-MSS-524,01,MATERIAL STANDARD SPECIFICATION FOR ELECTRICAL EQUIPMENT AS PART OF PACKAGE,,DE,IFE,,EL,TM-OT-9001-T-0414,14-12-3,,,No,1979,1204-TKT-COLANGELI,14-12-3,,SPEC,14-12-3,,,,14-12-3,,,,complete,100%
1204-00-IN-MSS-605,01,MATERIAL STANDARD SPECIFICATION FOR CONTROL VALVES,,DE,IFE,,IN,PS-OT-T-0050,15-5-26,,,No,1805,1204-Owner-v,15-5-27,,SPEC,15-5-26,,,,15-5-26,,,,complete,100%
1204-00-ST-SDG-755,01,STANDARD DRAWING FOR GRATING AND CHEQUERED PLATE,,DE,IFC,,ST,PS-OT-T-0040,15-5-12,,,No,1819,1204-Owner-v,15-5-13,,SPEC,15-5-12,,,,15-5-12,,,,complete,100%
1204-00-ST-ESS-745,01,ENGINEERING STANDARD SPECIFICATION FOR BLAST RESISTANT STRUCTURES,,DE,IFC,,ST,TM-OT-9001-T-0425,15-1-9,,,No,1942,1204-TKT-COLANGELI,15-1-9,,SPEC,15-1-9,,,,15-1-9,15-1-28,MT-TM-9301-CS-034,,complete,100%
1204-22-PR-DSH-101,00,Data Sheet For Corrosion Inhibitor Vessel (D-2201),,BE,IFR,,PR,TM-OT-9001-T-0012,11-6-1,,,No,3260,1204-TKT-proietti,11-5-30,,DSH,20-5-1,,,20-6-30,,,,,InProgress,80%
1204-22-PR-DSH-102,00,Data Sheet For Machinery Cooling Water  Pumps (P-2201 A/b),,BE,IFR,,PR,TM-OT-9001-T-0012,11-6-1,,,No,3260,1204-TKT-proietti,11-5-30,,DSH,20-5-1,,,20-6-30,,,,,InProgress,80%
1204-00-EL-DIG-528,01,MOTOR CONTROL STATION CIRCUIT DIAGRAMS,,DE,IFR,,EL,PS-OT-T-0509,17-12-9,18-2-13,,Yes,52,1204-Owner-v,17-12-11,,CDW,20-4-23,,,20-4-23,,17-12-18,MT-PS-9301-CS-270,,InProgress,80%
1204-00-EL-DSH-506,00,DATA SHEET FOR 110V AC UPS (CR-UPS-01),,DE,IFR,,EL,PS-OT-T-481,17-9-11,,,No,966,1204-Owner-v,17-9-13,,DSH,20-5-13,,,20-5-13,,18-6-10,MT-PS-9301-CS-250-R,,InProgress,80%
1204-00-EL-SDG-621,01,ELECTRICAL INSTALLATION STANDARD DRAWINGS - LIGHTING,,DE,IFR,,EL,PS-OT-T-0118,15-10-12,15-11-28,,Yes,33,1204-Owner-v,15-10-13,,CDW,20-9-10,,,20-9-10,,15-11-19,MT-PS-9301-CS-044,,InProgress,80%
1204-00-EL-MSS-502,01,MATERIAL STANDARD SPECIFICATION FOR M.V SWITCHGEARS,,DE,IFI,,EL,TM-OT-9001-T-0417,14-12-3,,,No,1979,1204-TKT-COLANGELI,14-12-3,,SPEC,14-12-3,,,,14-12-3,,,,complete,100%
1204-00-PI-CSS-414,01,CONSTRUCTION STANDARD SPECIFICATION FOR COATING & WRAPPING OF UNDERGROUND PIPING,,DE,IFE,,PI,PS-OT-T-0494,17-9-24,,,No,953,1204-Owner-v,17-9-25,,SPEC,17-9-25,,,,17-9-25,17-10-23,MT-PS-9301-CS-261,,complete,100%
1204-90-EL-SLD-044,01,ADMIN. NORMAL LIGHTING PANEL ONE LINE DIAGRAM,,DE,IFC,,EL,TM-OT-9001-T-0349,14-1-23,,,No,2293,1204-TKT-COLANGELI,14-1-23,,CDW,14-1-23,,,,14-1-23,,,,complete,100%
1204-00-HS-DWG-001,02,FIRE PROOFING LAYOUT,,DE,IFC-WH,,HSE,PS-OT-T-380,16-12-12,,,No,1239,1204-Owner-v,16-12-24,,EDW,20-6-1,,,20-6-1,16-12-16,,,,complete,100%
1204-00-HS-REQ-153,01,REQUISITION FOR AUTOMATIC CO2/CLEAN AGENT SYSTEM,,DE,IFI,,HSE,PS-OT-T-0898,20-2-18,,,No,76,1204-Owner-v,20-2-18,,REQ,20-8-31,,,20-9-11,,20-3-1,MT-PS-9609-CS-0288,,InProgress,90%
1204-82-HS-DWG-001,02,FIRE WATER NETWORK,,DE,IFC-WH,,HSE,PS-OT-T-377,16-12-12,,,No,1239,1204-Owner-v,16-12-24,,EDW,20-6-1,,,20-6-1,16-12-16,17-1-30,MT-PS-9301-CS-209,,InProgress,90%
1204-00-IN-DSH-603,01,DATA SHEET FOR PROCESS STREAM ANALYZERS,,DE,IFR,,IN,PS-OT-T-462,17-7-30,,,No,1009,1204-Owner-v,17-7-31,,DSH,20-8-10,,,20-8-10,17-10-10,17-10-15,MT-PS-9301-CS-233-1,,InProgress,80%
1204-00-IN-REQ-611,00,REQUISITION FOR MASS FLOW METER,,DE,IFI,,IN,PS-OT-T-0149,15-12-20,,,No,1597,1204-Owner-v,15-12-21,,REQ,19-12-10,,,19-12-23,15-12-23,16-2-9,MT-PS-9301-CS-105,,InProgress,90%
1204-00-IN-REQ-612,00,REQUISITION FOR ORIFICE PLATES & FLANGES,,DE,IFI,,IN,PS-OT-T-0187,16-1-19,,,No,1567,1204-Owner-v,16-1-21,,REQ,19-12-10,,,19-12-23,16-1-24,16-2-7,MT-PS-9301-CS-101,,InProgress,90%
1204-00-PV-REQ-204A,01,REQUISITION FOR PRESSURE VESSELS (GROUP I),,DE,IFP,,MD,PS-OT-T-0105,15-9-23,,,No,1685,1204-Owner-v,15-9-26,,REQ,15-9-23,,,,15-9-23,15-11-19,,,complete,100%
1204-00-PV-REQ-204B,01,REQUISITION FOR PRESSURE VESSELS (GROUP II),,DE,IFP,,MD,PS-OT-T-0166,15-12-30,,,No,1587,1204-Owner-v,16-1-2,,REQ,15-12-30,,,,15-12-30,16-1-17,MT-PS-9301-CS-088,,complete,100%
1204-00-ST-ESS-747,01,ENGINEERING STANDARD SPECIFICATION FOR STORAGE TANK FDN.,,DE,IFC,,ST,TM-OT-9001-T-0425,15-1-9,,,No,1942,1204-TKT-COLANGELI,15-1-9,,SPEC,15-1-9,,,,15-1-9,15-1-28,MT-TM-9301-CS-034,,complete,100%
1204-02-EL-DWG-010,00,LIGHTING LAYOUT AREA-02,,DE,IFR,,EL,PS-OT-T-0130,15-11-9,16-7-24,,Yes,244,1204-Owner-v,15-11-10,,CDW,20-6-30,,,20-6-30,15-11-12,15-12-8,MT-PS-9301-CS-053,,InProgress,80%
1204-07-EL-DWG-010,00,LIGHTING LAYOUT AREA-07,,DE,IFR,,EL,PS-OT-T-0159,15-12-28,16-7-21,,Yes,192,1204-Owner-v,15-12-30,,CDW,20-8-30,,,20-8-30,16-1-16,16-1-19,MT-PS-9301-CS-078-1,,InProgress,80%
1204-90-EL-DWG-930,01,WAREHOUSE BUILDING COMMUNICATION LAYOUT,,DE,IFC,,EL,TM-OT-9001-T-0351,14-1-29,15-3-3,,Yes,384,1204-TKT-COLANGELI,14-1-29,,CDW,14-1-29,,,,14-1-29,,,,complete,100%
1204-00-PI-ESS-408,01,ENGINEERING STANDARD SPECIFICATION FOR EFFLUENT GATHERING SYSTEM,,DE,IFE,,PI,TM-OT-9001-T-0370,14-5-23,,,No,2173,1204-TKT-COLANGELI,14-5-22,,SPEC,14-5-23,,,,14-5-23,14-6-25,MT-OT-9301-CS-004,,complete,100%
1204-00-IN-MSS-624,01,MATERIAL STANDARD SPECIFICATION FOR ELECTRONIC TRANSMITTERS,,DE,IFE,,IN,PS-OT-T-0051,15-5-26,,,No,1805,1204-Owner-v,15-5-27,,SPEC,15-5-26,,,,15-5-26,,,,complete,100%
1204-00-ST-SDG-762,01,STANDARD DRAWING FOR BRACINGS,,DE,IFC,,ST,PS-OT-T-0043,15-5-17,,,No,1814,1204-Owner-v,15-5-18,,SPEC,15-5-17,,,,15-5-17,,,,complete,100%
1204-65-PR-DBS-101,01,BASIC ENGINEERING DESIGN BASIS FOR FUEL GAS SYSTEM,,BE/DE,IFE,,PR,TM-OT-9001-T-0276,13-5-16,,,No,2545,1204-TKT-COLANGELI,13-5-16,,EDW,13-5-16,,,,13-5-16,,,,complete,100%
1204-00-EL-DWG-009,02,OVERALL CCTV LOCATION LAYOUT,,DE,IFR,,EL,PS-OT-T-0879,20-2-4,,,No,90,1204-Owner-v,20-2-8,,CDW,20-8-30,,,20-8-30,,20-3-7,MT-PS-9609-CS-0303,,InProgress,80%
1204-00-PI-ESS-406,03,ENGINEERING STANDARD SPECIFICATION FOR PAINTING,,DE,IFE,,PI,PS-OT-T-0531,17-1-7,,,No,1213,1204-Owner-v,18-1-13,,SPEC,18-1-21,,,,18-1-21,18-1-28,MT-PS-9609-CS-019,,complete,100%
1204-00-IN-MSS-614,01,MATERIAL STANDARD SPECIFICATION FOR ROTAMETERS,,DE,IFE,,IN,PS-OT-T-0050,15-5-26,,,No,1805,1204-Owner-v,15-5-27,,SPEC,15-5-26,,,,15-5-26,,,,complete,100%
1204-00-HM-ESS-290,01,ENGINEERING STANDARD SPECIFICATION FOR AIR COOLED HEAT EXCHANGERS,,DE,IFE,,MD,PS-OT-T-0924,20-3-2,,,No,63,1204-Owner-v,20-3-3,,SPEC,20-4-30,,,20-4-30,,20-3-3,MT-PS-9609-CS-0292,,complete,100%
1204-00-ST-ESS-741,01,ENGINEERING STANDARD SPECIFICATION FOR YARD PAVING,,DE,IFC,,ST,TM-OT-9001-T-0411,14-11-18,,,No,1994,1204-TKT-COLANGELI,14-11-17,,SPEC,14-11-18,,,,14-11-18,,,,complete,100%
1204-00-ST-ESS-748,01,ENGINEERING STANDARD SPECIFICATION FOR GROUTING,,DE,IFC,,ST,PS-OT-T-0031,15-5-4,,,No,1827,1204-Owner-v,15-5-5,,SPEC,15-5-4,,,,15-5-4,,,,complete,100%
1204-00-ST-CSS-753,01,CONSTRUCTION STANDARD SPECIFICATION FOR BUILDING MATERIALS AND CONSTRUCTION,,DE,IFC,,ST,TM-OT-9001-T-0425,15-1-9,,,No,1942,1204-TKT-COLANGELI,15-1-9,,SPEC,15-1-9,,,,15-1-9,15-1-28,MT-TM-9301-CS-034,,complete,100%
1204-00-EL-DSH-5035,01,"DATA SHEET FOR LV SWITCHGEAR  (MS-SWB3A,B-05)",,DE,IFR,,EL,PS-OT-T-0527,18-1-1,18-2-12,,Yes,28,1204-Owner-v,18-1-2,,DSH,20-5-8,,,20-5-8,18-1-27,18-5-31,MT-PS-9609-CS-013-R,,InProgress,80%
1204-00-EL-ESS-501,01,ENGINEERING STANDARD SPECIFICATION FOR ELECTRICAL SYSTEM DESIGN,,DE,IFE,,EL,TM-OT-9001-T-0417,14-12-3,,,No,1979,1204-TKT-COLANGELI,14-12-3,,SPEC,14-12-3,,,,14-12-3,,,,complete,100%
1204-00-EL-ESS-501,01,ENGINEERING STANDARD SPECIFICATION FOR ELECTRICAL SYSTEM DESIGN,,DE,IFE,,EL,TM-OT-9001-T-0417,14-12-3,,,No,1979,1204-TKT-COLANGELI,14-12-3,,SPEC,14-12-3,,,,14-12-3,,,,complete,100%
1204-00-ST-SDG-754,01,STANDARD DRAWING FOR HANDRAIL,,DE,IFC,,ST,PS-OT-T-0040,15-5-12,,,No,1819,1204-Owner-v,15-5-13,,SPEC,15-5-12,,,,15-5-12,,,,complete,100%
1204-64-PR-DSH-107,01,DATA SHEET FOR DEMIN WATER TRANSFER PUMPS (P-6402 A/B),,BE,IFE,,PR,TM-OT-9001-T-0299,13-7-4,,,No,2496,1204-Owner-v,15-9-16,,DSH,13-7-4,,,,13-7-4,,,,complete,100%
1204-64-PR-DSH-109,00,Data Sheet For Sulfuric Acid Transfer Pumps (P-6403 A/b),,BE,IFR,,PR,TM-OT-9001-T-0011,11-6-1,,,No,3260,1204-TKT-proietti,11-5-30,,DSH,20-5-1,,,20-6-30,11-6-1,,,,InProgress,80%
1204-00-EL-REQ-502,01,REQUISITION FOR MEDIUM VOLTAGE SWITCHGEARS,,DE,IFP,,EL,PS-OT-T-0882,20-2-6,,,No,88,1204-Owner-v,20-2-8,,REQ,20-2-6,,,,20-2-6,,,,complete,100%
1204-03-EL-DWG-020,01,EARTHING LAYOUT - AREA 03,,DE,IFR,,EL,PS-OT-T-0115,15-10-10,16-1-14,,Yes,82,1204-Owner-v,15-10-10,,CDW,20-7-15,,,20-7-15,,15-11-19,MT-PS-9301-CS-043,,InProgress,80%
1204-00-ST-ESS-746,03,ENGINEERING STANDARD SPECIFICATION FOR ANCHOR BOLTS,,DE,IFC,,ST,PS-OT-T-0205,16-3-1,,,No,1525,1204-Owner-v,16-3-2,,SPEC,16-3-9,,,,16-3-9,,,,complete,100%
1204-63-PR-DSH-106,03,DATA SHEET FOR ANTI FOULING INJECTION PACKAGE (PU-6303),,BE,IFE,,PR,PS-OT-T-0292,16-6-19,,,No,1415,1204-Owner-v,16-6-20,,DSH,16-6-26,,,,16-6-26,16-7-2,MT-PS-9301-CS-171,,complete,100%
1204-00-MC-MSS-003,00,Matreial Standard Specification for General Purpose Steam Turbines,,DE,IFR,,MC,TM-OT-9001-T-0133,12-7-12,,,No,2853,1204-Owner-v,15-1-17,,SPEC,20-4-20,,,20-4-20,,,,,InProgress,80%
1204-00-EL-DSH-5044,01,DATA SHEET FOR DISTRIBUTION TRANSFORMERS -2500 KVA,,DE,IFR,,EL,PS-OT-T-0246,16-4-18,16-7-23,,Yes,82,1204-Owner-v,16-4-18,,DSH,20-5-13,,,20-5-13,,16-4-23,MT-PS-9301-CS-137,,InProgress,80%
1204-00-PV-ESS-241,01,ENGINEERING STANDARD SPECIFICATION FOR PRESSURE VESSELS,,DE,IFE,,MD,PS-OT-T-0924,20-3-2,,,No,63,1204-Owner-v,20-4-10,,SPEC,20-4-30,,,20-4-30,,20-3-3,MT-PS-9609-CS-0292,,complete,100%
1204-65-PR-UFD-651,01,UTILITY FLOW DIAGRAM FOR FUEL GAS SYSTEM,,BE/DE,IFR,,PR,TM-OT-9001-T-0276,13-5-16,,,No,2545,1204-TKT-COLANGELI,13-5-16,,EDW,20-6-1,,,20-6-30,,,,,InProgress,80%
1204-61-PR-LST-001,01,EQUIPMENT LIST FOR NITROGEN (ASU) SYSTEM,,BE/DE,IFE,,PR,PS-OT-T-0138,15-11-28,,,No,1619,1204-Owner-v,15-11-29,,LIST,15-11-28,,,,15-11-28,15-12-5,MT-PS-9301-CS-051,,complete,100%
1204-00-EL-DSH-5036,01,DATA SHEET FOR AUTO/MANUAL TRANSFER 400V SWITCHGEARS,,DE,IFR,,EL,PS-OT-T-0527,18-1-1,18-2-12,,Yes,28,1204-Owner-v,18-1-2,,DSH,20-5-8,,,20-5-8,18-1-27,18-5-31,MT-PS-9609-CS-013-R,,InProgress,80%
1204-00-EL-DWG-003,02,ELECTRICAL AREA DIVISION DRAWING,,DE,IFR,,EL,PS-OT-T-0112,15-10-10,15-11-8,,Yes,15,1204-Owner-v,15-10-10,,CDW,20-8-30,,,20-8-30,15-10-14,15-11-2,MT-PS-9301-CS-038,,InProgress,80%
1204-00-EL-ESS-504,01,ENGINEERING STANDARD SPECIFICATION FOR LIGHTNING PROTECTION,,DE,IFE,,EL,TM-OT-9001-T-0417,14-12-3,,,No,1979,1204-TKT-COLANGELI,14-12-3,,SPEC,14-12-3,,,,14-12-3,,,,complete,100%
1204-00-ST-SDG-703,01,STANDARD DRAWING FOR EQUIVALENT BUILT-UP SECTIONS,,DE,IFC,,ST,PS-OT-T-0040,15-5-12,,,No,1819,1204-Owner-v,15-5-13,,SPEC,15-5-12,,,,15-5-12,,,,complete,100%
1204-00-ST-SDG-761,02,STANDARD DRAWING FOR DOORS AND WINDOWS,,DE,IFC,,ST,PS-OT-T-0028,15-4-29,,,No,1832,1204-Owner-v,15-5-3,,SPEC,15-4-29,,,,15-4-29,,,,complete,100%
1204-64-PR-DBS-101,01,BASIC ENGINEERING DESIGN BASIS FOR WATER POLISHING SYSTEM SYSTEM,,BE/DE,IFE,,PR,TM-OT-9001-T-0297,13-7-3,,,No,2497,1204-TKT-COLANGELI,13-7-2,,EDW,13-7-3,,,,13-7-3,,,,complete,100%
1204-00-EL-MTO-003,00,MATERIAL TAKE OFF FOR EARTHING AND LIGHTNING PROTECTION,,DE,IFE,,EL,PS-OT-T-0232,13-4-6,16-7-21,,Yes,1188,1204-Owner-v,16-4-7,,LIST,16-4-16,,,,16-4-16,16-4-18,MT-PS-9301-CS-132,,complete,100%
1204-00-EL-SDG-623,00,Electrical Installation Standard Drawings - Lightning Protection,,DE,IFR,,EL,TM-OT-9001-T-0096,12-5-31,15-8-12,,Yes,1154,1204-Owner-v,15-9-14,,CDW,20-9-10,,,20-9-10,12-5-31,14-12-1,MT-TM-9301-CS-021,,InProgress,80%
1204-90-EL-SLD-040,01,RESTAURANT NORMAL LIGHTING PANEL ONE LINE DIAGRAM,,DE,IFC,,EL,TM-OT-9001-T-0349,14-1-23,,,No,2293,1204-TKT-COLANGELI,14-1-23,,CDW,14-1-23,,,,14-1-23,,,,complete,100%
1204-00-HS-DSH-014,00,DATA SHEET FOR WHEELED CO2 EXTINGUISHER,,DE,IFR,,HSE,TM-OT-9001-T-0342,13-12-18,,,No,2329,1204-TKT-COLANGELI,13-12-18,,DSH,19-10-12,,,20-10-10,13-12-18,,,,InProgress,80%
1204-00-HS-DSH-016,01,DATA SHEET FOR SAFETY SHOWER AND EYE WASH,,DE,IFR,,HSE,PS-OT-T-0084,15-8-2,,,No,1737,1204-Owner-v,15-8-3,,DSH,19-10-12,,,20-10-10,,15-8-24,MT-PS-9301-CS-009,,InProgress,80%
1204-84-HS-PID-841,01,PIPING AND INSTRUMENTATION DIAGRAM FOR SANITARY WATER COLLECTION SYSTEM,,DE,IFR,,HSE,PS-OT-T-0856,19-12-28,,,No,128,1204-Owner-v,19-12-30,,EDW,19-10-1,,,20-7-30,,,MT-PS-9301-CS-0249,,InProgress,80%
1204-00-IN-MTO-001,00,MATERIAL TAKE OFF FOR INSTRUMENT CABLES,,DE,IFE,,IN,PS-OT-T-0895,20-2-18,,,No,76,1204-Owner-v,20-2-18,,LIST,19-12-25,,,20-4-28,,20-4-14,MT-PS-9609-CS- 0276-R,,complete,100%
1204-00-EL-MSS-522,01,MATERIAL STANDARD SPECIFICATION FOR MEDIUM VOLTAGE INDUCTION ELECTRIC MOTORS,,DE,IFE,,EL,TM-OT-9001-T-0414,14-12-3,,,No,1979,1204-TKT-COLANGELI,14-12-3,,SPEC,14-12-3,,,,14-12-3,,,,complete,100%
1204-00-IN-MSS-606,01,MATERIAL STANDARD SPECIFICATION FOR PRESSURE RELIEF VALVES,,DE,IFE,,IN,PS-OT-T-0050,15-5-26,,,No,1805,1204-Owner-v,15-5-27,,SPEC,15-5-26,,,,15-5-26,,,,complete,100%
1204-00-PV-SDG-250,00,Standard Drawing for Storage Tank,,DE,IFR,,MD,TM-OT-9001-T-0077,12-5-29,,,No,2897,1204-Owner-v,15-9-16,,SPEC,20-4-30,,,20-4-30,12-5-29,,,,InProgress,80%
1204-62-PR-DSH-101,01,DATA SHEET FOR EMERGENCY AIR COMPRESSOR (C-6201),,BE,IFE,,PR,PS-OT-T-0179,16-1-11,,,No,1575,1204-Owner-v,16-1-12,,DSH,16-1-19,,,,16-1-19,16-1-26,MT-PS-9301-CS-093-1,,complete,100%
1204-90-EL-SLD-046,01,FIRE STATION NORMAL LIGHTING PANEL ONE LINE DIAGRAM,,DE,IFC,,EL,TM-OT-9001-T-0349,14-1-23,15-3-3,,Yes,390,1204-TKT-COLANGELI,14-1-23,,CDW,14-1-23,,,,14-1-23,,,,complete,100%
1204-00-HS-DSH-008,00,DATA SHEET FOR FOAM TANK SYSTEM,,DE,IFR,,HSE,PS-OT-T-0065,15-6-27,,,No,1773,1204-Owner-v,15-6-28,,DSH,19-10-12,,,20-10-10,15-6-27,,,,InProgress,80%
1204-84-HS-LST-002,01,LINE LIST FOR EFFLUENT WATER TREATMENT UNIT,,DE,IFR,,HSE,PS-OT-T-0853,19-12-28,,,No,128,1204-Owner-v,20-1-3,,LIST,20-7-15,,,20-7-15,,20-2-12,MT-PS-9301-CS-0268,,InProgress,90%
1204-00-IN-DSH-605,04,DATA SHEET FOR CONTROL VALVES,,DE,IFR,,IN,PS-OT-T-0918,20-2-26,,,No,68,1204-Owner-v,20-2-27,,DSH,20-8-10,,,20-8-10,,20-3-14,MT-PS-9609-CS-0311,,InProgress,80%
1204-00-EL-MSS-521,01,MATERIAL STANDARD SPECIFICATION FOR LOW VOLTAGE INDUCTION ELECTRIC MOTORS,,DE,IFE,,EL,TM-OT-9001-T-0414,14-12-3,,,No,1979,1204-TKT-COLANGELI,14-12-3,,SPEC,14-12-3,,,,14-12-3,,,,complete,100%
1204-00-PI-CSS-412,01,"CONSTRUCTION STANDARD SPECIFICATION FOR TESTING ,FLUSHING & REINSTATEMENT OF PIPING",,DE,IFE,,PI,TM-OT-9001-T-0426,15-1-12,,,No,1939,1204-TKT-COLANGELI,15-1-9,,SPEC,15-1-12,,,,15-1-12,,,,complete,100%
1204-00-ST-SDG-757,01,STANDARD DRAWING FOR LADDER,,DE,IFC,,ST,PS-OT-T-0040,15-5-12,,,No,1819,1204-Owner-v,15-5-13,,SPEC,15-5-12,,,,15-5-12,,,,complete,100%
1204-63-PR-DSH-107,03,DATA SHEET FOR SCALE INHIBITOR INJECTION PACKAGE (PU-6304),,BE,IFE,,PR,PS-OT-T-0292,16-6-19,,,No,1415,1204-Owner-v,16-6-20,,DSH,16-6-26,,,,16-6-26,16-7-2,MT-PS-9301-CS-171,,complete,100%
1204-64-PR-DSH-102,00,Data Sheet For Sulfuric Acid Storage Drum (D-6401),,BE,IFR,,PR,TM-OT-9001-T-0011,11-6-1,,,No,3260,1204-TKT-proietti,11-5-30,,DSH,20-5-1,,,20-6-30,11-6-1,,,,InProgress,80%
1204-61-PR-DBS-101,00,Basic Engineering Design Basis For Nitrogen (ASU) System,,BE,IFR,,PR,TM-OT-9001-T-0007,11-5-10,,,No,3282,1204-TKT-proietti,11-5-9,,EDW,20-5-1,,20-5-30,20-6-30,11-5-10,,,,InProgress,80%
1204-00-EL-DIG-502,01,MV MOTOR STARTER CONTROL CIRCUIT DIAGRAMS,,DE,IFR,,EL,PS-OT-T-0509,17-12-9,18-2-13,,Yes,52,1204-Owner-v,17-12-11,,CDW,20-4-22,,,20-4-22,,17-12-18,MT-PS-9301-CS-270,,InProgress,80%
1204-00-EL-DIG-503,01,LV MOTOR STARTER CONTROL CIRCUIT DIAGRAMS,,DE,IFR,,EL,PS-OT-T-0509,17-12-9,18-2-13,,Yes,52,1204-Owner-v,17-12-11,,CDW,20-4-22,,,20-4-22,,17-12-18,MT-PS-9301-CS-270,,InProgress,80%
1204-00-EL-TBA-505,00,TECHNICAL BID ANALYSIS FOR POWER DISTRIBUTION CONTROL SYS,,DE,IFE,,EL,PS-OT-T-0945,20-4-5,20-5-5,,Yes,16,1204-Owner-v,20-4-11,,TBA,20-12-14,,,21-1-1,,,,,complete,100%
1204-06-EL-DWG-001,01,POWER LAYOUT - AREA 06,,DE,IFR,,EL,PS-OT-T-0139,15-11-29,16-7-24,,Yes,224,1204-Owner-v,15-12-5,,CDW,20-8-20,,,20-8-20,,15-12-26,MT-PS-9301-CS-066,,InProgress,80%
1204-00-EL-MSS-528,01,MATERIAL STANDARD SPECIFICATION FOR LOCAL CONTROL STATIONS,,DE,IFE,,EL,TM-OT-9001-T-0414,14-12-3,,,No,1979,1204-TKT-COLANGELI,14-12-3,,SPEC,14-12-3,,,,14-12-3,,,,complete,100%
1204-00-IN-MSS-603,01,MATERIAL STANDARD SPECIFICATION FOR PROCESS STREAM ANALYZERS,,DE,IFE,,IN,PS-OT-T-0050,15-5-26,,,No,1805,1204-Owner-v,15-5-27,,SPEC,15-5-26,,,,15-5-26,,,,complete,100%
1204-00-IN-MSS-628,01,MATERIAL STANDARD SPECIFICATION FOR INSTRUMENT CABLES,,DE,IFE,,IN,PS-OT-T-0048,15-5-23,,,No,1808,1204-Owner-v,15-5-24,,SPEC,15-5-23,,,,15-5-23,,,,complete,100%
1204-00-IN-MSS-630,01,MATERIAL STANDARD SPECIFICATION FOR INSTRUMENT CABLE LADDER/TRAY & ACCESSORIES,,DE,IFE,,IN,PS-OT-T-0048,15-5-23,,,No,1808,1204-Owner-v,15-5-24,,SPEC,15-5-23,,,,15-5-23,,,,complete,100%
1204-00-HM-SDG-285,00,Standard Drawing for Shell and Tube Heat Exchangers,,DE,IFR,,MD,TM-OT-9001-T-0071,12-5-29,,,No,2897,1204-Owner-v,15-9-1,,SPEC,20-4-30,,,20-4-30,12-5-29,,,,InProgress,80%
1204-00-PV-SDG-245,00,Standard Drawing for Ladder and Platforms,,DE,IFR,,MD,TM-OT-9001-T-0071,12-5-29,,,No,2897,1204-Owner-v,15-9-16,,SPEC,20-4-30,,,20-4-30,12-5-29,,,,InProgress,80%
1204-02-EL-DWG-030,00,COMMUNICATION AND CCTV LAYOUT AREA 02,,DE,IFR,,EL,PS-OT-T-0139,15-11-29,16-7-24,,Yes,224,1204-Owner-v,15-12-5,,CDW,20-6-30,,,20-6-30,15-12-17,15-12-26,MT-PS-9301-CS-066,,InProgress,80%
1204-00-HS-DSH-025,00,DATA SHEET FOR EVACUATION BELL,,DE,IFR,,HSE,TM-OT-9001-T-0412,14-11-24,,,No,1988,1204-TKT-COLANGELI,14-11-24,,DSH,19-10-12,,,20-10-10,14-11-24,,,,InProgress,80%
1204-00-HS-DSH-028,00,DATA SHEET FOR MOTOR SIREN,,DE,IFR,,HSE,TM-OT-9001-T-0412,14-11-24,,,No,1988,1204-TKT-COLANGELI,14-11-24,,DSH,19-10-12,,,20-10-10,14-11-24,,,,InProgress,80%
1204-00-HS-REQ-151,00,REQUISITION FOR SPRAY NOZZLE,,DE,IFI,,HSE,PS-OT-T-0740,18-12-22,,,No,499,1204-Owner-v,18-12-23,,REQ,21-1-5,,,21-1-11,,,,,InProgress,90%
1204-00-EL-ESS-503,01,ENGINEERING STANDARD SPECIFICATION FOR LIGHTING SYSTEM DESIGN,,DE,IFE,,EL,TM-OT-9001-T-0417,14-12-3,,,No,1979,1204-TKT-COLANGELI,14-12-3,,SPEC,14-12-3,,,,14-12-3,,,,complete,100%
1204-62-PR-UFD-621,00,Utility Flow Diagram Of Instrument Air /Plant Air System,,BE,IFR,,PR,TM-OT-9001-T-0009,11-5-11,,,No,3281,1204-TKT-proietti,11-5-9,,EDW,20-6-1,,,20-6-30,11-5-11,,,,InProgress,80%
1204-00-ST-SDG-702,01,STANDARD DRAWING FOR BAR BENDING SHAPE CODE,,DE,IFC,,ST,PS-OT-T-0043,15-5-17,,,No,1814,1204-Owner-v,15-5-18,,SPEC,15-5-17,,,,15-5-17,,,,complete,100%
1204-64-PR-DSH-101,00,Data Sheet For Caustic Storage Drum (D-6402),,BE,IFR,,PR,TM-OT-9001-T-0011,11-6-1,,,No,3260,1204-TKT-proietti,11-5-30,,DSH,20-5-1,,,20-6-30,11-6-1,,,,InProgress,80%
1204-00-EL-DSH-5042,01,DATA SHEET FOR DISTRIBUTION TRANSFORMERS -1600 KVA,,DE,IFR,,EL,PS-OT-T-0246,16-4-18,16-7-23,,Yes,82,1204-Owner-v,16-4-18,,DSH,20-5-13,,,20-5-13,,16-4-23,MT-PS-9301-CS-137,,InProgress,80%
1204-00-EL-MTO-004,00,MATERIAL TAKE OFF FOR LIGHTING SYSTEM,,DE,IFE,,EL,PS-OT-T-0232,13-4-6,16-7-21,,Yes,1188,1204-Owner-v,16-4-7,,LIST,16-4-16,,,,16-4-16,16-4-18,MT-PS-9301-CS-132,,complete,100%
1204-02-EL-DWG-020,01,EARTHING LAYOUT - AREA 02,,DE,IFR,,EL,PS-OT-T-0114,15-10-10,16-1-14,,Yes,82,1204-Owner-v,15-10-10,,CDW,20-6-30,,,20-6-30,,15-11-19,MT-PS-9301-CS-042,,InProgress,80%
1204-82-HS-DWG-002,00,MAIN FIRE ZONE,,DE,IFR,,HSE,PS-OT-T-0375,16-12-12,,,No,1239,1204-Owner-v,16-12-19,,EDW,19-10-10,,,19-11-7,16-12-16,,,,InProgress,80%
1204-00-EL-MSS-506,01,MATERIAL STANDARD SPECIFICATION FOR AC UPS,,DE,IFE,,EL,TM-OT-9001-T-0403,14-10-30,15-3-3,,Yes,110,1204-TKT-COLANGELI,14-10-30,,SPEC,14-10-30,,,,14-10-30,,,,complete,100%
1204-00-PI-ESS-407,01,ENGINEERING STANDARD SPECIFICATION FOR THERMAL INSULATION,,DE,IFE,,PI,PS-OT-T-0528,18-1-2,,,No,853,1204-Owner-v,18-1-7,,SPEC,18-1-8,,,,18-1-8,18-1-28,MT-PS-9609-CS-018,,complete,100%
1204-00-PI-ESS-409,00,ENGINEERING STANDARD SPECIFICATION FOR PIPING FLEXIBILITY ANALYSIS,,DE,IFR,,PI,TM-OT-9001-T-0426,15-1-12,,,No,1939,1204-TKT-COLANGELI,15-1-7,,SPEC,20-5-1,,,20-5-1,,,,,InProgress,80%
1204-00-HM-ESS-286,01,ENGINEERING STANDARD SPECIFICATION FOR SHELL AND TUBE HEAT EXCHANGERS,,DE,IFE,,MD,PS-OT-T-0924,20-3-2,,,No,63,1204-Owner-v,20-3-3,,SPEC,20-4-30,,,20-4-30,,20-3-3,MT-PS-9609-CS-0292,,complete,100%
1204-61-PR-UFD-611,00,Utility Flow Diagram Of Nitrogen (ASU) System,,BE,IFR,,PR,TM-OT-9001-T-0009,11-5-11,,,No,3281,1204-TKT-proietti,11-5-9,,EDW,20-6-1,,,20-6-30,11-5-11,,,,InProgress,80%
1204-00-ST-SDG-759,01,STANDARD DRAWING FOR STRUCTURAL STEEL CONNECTIONS,,DE,IFC,,ST,PS-OT-T-0041,15-5-13,,,No,1818,1204-Owner-v,15-5-13,,SPEC,15-5-13,,,,15-5-13,,,,complete,100%
1204-00-IN-MSS-617,01,MATERIAL STANDARD SPECIFICATION FOR VENTURI TUBES & FLOW NOZZLES,,DE,IFE,,IN,PS-OT-T-0050,15-5-26,,,No,1805,1204-Owner-v,15-5-27,,SPEC,15-5-26,,,,15-5-26,,,,complete,100%
1204-00-IN-MSS-620,01,MATERIAL STANDARD SPECIFICATION FOR LEVEL GAUGES,,DE,IFE,,IN,PS-OT-T-0051,15-5-26,,,No,1805,1204-Owner-v,15-5-27,,SPEC,15-5-26,,,,15-5-26,,,,complete,100%
1204-63-PR-DSH-109,05,DATA SHEET FOR COOLING WATER SIDE STREAM FILTERS (FT-6301 A/B/C),,BE,IFE,,PR,PS-OT-T-0518,17-12-16,,,No,870,1204-Owner-v,17-12-17,,DSH,17-12-19,,,,17-12-19,18-1-13,MT-PS-9609-CS-006,,complete,100%
1204-00-IN-MSS-654,01,MATERIAL STANDARD SPECIFICATION FOR POWER DISTRIBUTION PANEL,,DE,IFE,,IN,PS-OT-T-0257,16-5-8,,,No,1457,1204-Owner-v,16-5-9,,SPEC,16-5-8,,,,16-5-8,,,,complete,100%
1204-00-MC-MSS-007,00,Matreial Standard Specification for Centrifugal Fans,,DE,IFR,,MC,TM-OT-9001-T-0133,12-7-12,,,No,2853,1204-Owner-v,15-4-15,,SPEC,20-4-20,,,20-4-20,,,,,InProgress,80%
1204-00-MC-MSS-009,00,Matreial Standard Specification for E.O.T Cranes,,DE,IFR,,MC,TM-OT-9001-T-0133,12-7-12,,,No,2853,1204-Owner-v,15-4-15,,SPEC,20-4-20,,,20-4-20,,,,,InProgress,80%
1204-00-EL-DWG-007,02,OVERALL EARTHING LAYOUT,,DE,IFR,,EL,PS-OT-T-0061,15-6-14,15-7-22,,Yes,24,1204-Owner-v,15-6-15,,CDW,20-8-30,,,20-8-30,,15-6-23,MT-PS-9301-CS-04,,InProgress,80%
1204-63-PR-DSH-108,03,DATA SHEET FOR PH ADJUSTMENT INJECTION PACKAGE (PU-6305),,BE,IFE,,PR,PS-OT-T-0292,16-6-19,,,No,1415,1204-Owner-v,16-6-20,,DSH,16-6-26,,,,16-6-26,16-7-2,MT-PS-9301-CS-171,,complete,100%
1204-62-PR-DBS-101,00,Basic Engineering Design Basis For Instrument Air / Plant Air System,,BE,IFR,,PR,TM-OT-9001-T-0007,11-5-10,,,No,3282,1204-TKT-proietti,11-5-9,,EDW,20-5-1,,20-5-30,20-6-30,11-5-10,,,,InProgress,80%
1204-00-EL-SCH-505,01,PDCS I/O LIST,,DE,IFR,,EL,PS-OT-T-0734,18-12-22,19-1-22,,Yes,17,1204-Owner-v,18-12-23,,LIST,20-5-13,,,20-5-13,,,,,InProgress,90%
1204-05-EL-DWG-010,00,LIGHTING LAYOUT AREA-05,,DE,IFR,,EL,PS-OT-T-0159,15-12-28,16-7-21,,Yes,192,1204-Owner-v,15-12-30,,CDW,20-7-30,,,20-7-30,16-1-16,16-1-19,MT-PS-9301-CS-078-1,,InProgress,80%
1204-90-EL-DWG-121,01,CONTROL ROOM & LABORATORY BUILDING LIGHTNING PROTECTION LAYOUT,,DE,IFC,,EL,TM-OT-9001-T-0349,14-1-23,,,No,2293,1204-TKT-COLANGELI,14-1-23,,CDW,12-10-19,,,,12-10-19,,,,complete,100%
1204-00-EL-MSS-509,02,MATERIAL STANDARD SPECIFICATION FOR ELECTRICAL CABLES AND WIRES,,DE,IFE,,EL,PS-OT-T-0864,20-1-4,,,No,121,1204-Owner-v,20-1-4,,SPEC,20-1-4,,,,20-1-4,20-1-18,MT-PS-9609-CS-0255-2,,complete,100%
1204-00-PI-MSS-401,01,PIPING MATERIAL STANDARD SPECIFICATION,,DE,IFE,,PI,PS-OT-T-0258,16-5-10,,,No,1455,1204-Owner-v,16-5-14,,SPEC,16-5-10,,,,16-5-10,,,,complete,100%
1204-00-EL-DSH-5031,01,"DATA SHEET FOR LV SWITCHGEAR  (MS-SWB3A,B-01)",,DE,IFR,,EL,PS-OT-T-0527,18-1-1,18-2-12,,Yes,28,1204-Owner-v,18-1-2,,DSH,20-5-12,,,20-5-12,18-1-27,18-5-31,MT-PS-9609-CS-013-R,,InProgress,80%
1204-07-EL-DWG-020,00,EARTHING LAYOUT - AREA 07,,DE,IFR,,EL,PS-OT-T-0130,15-11-9,16-7-24,,Yes,244,1204-Owner-v,15-11-10,,CDW,20-8-30,,,20-8-30,15-11-12,15-12-8,MT-PS-9301-CS-053,,InProgress,80%
1204-90-EL-DWG-130,02,CONTROL ROOM & LABORATORY BUILDING COMMUNICATION LAYOUT,,DE,IFC,,EL,TM-OT-9001-T-0439,15-2-11,15-3-2,,Yes,5,1204-TKT-COLANGELI,15-2-10,,CDW,15-2-11,,,,15-2-11,,,,complete,100%
1204-90-EL-DWG-710,01,WORK SHOP BUILDING LIGHTING AND SMALL POWER LAYOUT,,DE,IFC,,EL,TM-OT-9001-T-0349,14-1-23,,,No,2293,1204-TKT-COLANGELI,14-1-23,,CDW,14-1-23,,,,14-1-23,,,,complete,100%
1204-90-EL-SLD-030,00,"MAIN NORMAL DISTRIBUTION PANEL SINGLE LINE DIAGRAM, MS-DP-01",,DE,IFR,,EL,PS-OT-T-0231,13-4-6,16-7-21,,Yes,1188,1204-Owner-v,16-4-7,,CDW,20-9-30,,,20-9-30,16-4-16,16-4-18,MT-PS-9301-CS-131,,InProgress,80%
1204-00-HS-DSH-004,00,DATA SHEET FOR HOSE BOX,,DE,IFR,,HSE,TM-OT-9001-T-0342,13-12-18,,,No,2329,1204-TKT-COLANGELI,13-12-18,,DSH,19-10-12,,,20-10-10,13-12-18,,,,InProgress,80%
1204-00-IN-MSS-622,01,MATERIAL STANDARD SPECIFICATION FOR PRESSURE GAUGES,,DE,IFE,,IN,PS-OT-T-0051,15-5-26,,,No,1805,1204-Owner-v,15-5-27,,SPEC,15-5-26,,,,15-5-26,,,,complete,100%
1204-00-IN-MSS-648,01,MATERIAL STANDARD SPECIFICATION FOR ULTRASONIC LEVEL TRANSMITTERS,,DE,IFE,,IN,PS-OT-T-0051,15-5-26,,,No,1805,1204-Owner-v,15-5-27,,SPEC,15-5-26,,,,15-5-26,,,,complete,100%
1204-22-PR-UFD-221,00,Utility Flow Diagram Of Machinery Cooling Water System,,BE,IFR,,PR,TM-OT-9001-T-0009,11-5-11,,,No,3281,1204-TKT-proietti,11-5-9,,EDW,20-6-1,,,20-6-30,11-5-11,,,,InProgress,80%
1204-00-ST-SDG-760,01,STANDARD DRAWING FOR BUILDINGS,,DE,IFC,,ST,TM-OT-9001-T-0425,15-1-9,,,No,1942,1204-TKT-COLANGELI,15-1-7,,SPEC,15-1-9,,,,15-1-9,,,,complete,100%
1204-62-PR-DSH-102,01,DATA SHEET FOR PLANT / INSTRUMENT AIR RECEIVER (D-6201),,BE,IFE,,PR,PS-OT-T-0179,16-1-11,,,No,1575,1204-Owner-v,16-1-12,,DSH,16-1-19,,,,16-1-19,16-1-26,MT-PS-9301-CS-093-1,,complete,100%
1204-64-PR-DSH-108,00,Data Sheet For Sulfuric Acid Unloading Pump (P-6405),,BE,IFR,,PR,TM-OT-9001-T-0011,11-6-1,,,No,3260,1204-TKT-proietti,11-5-30,,DSH,20-5-1,,,20-6-30,11-6-1,,,,InProgress,80%
1204-00-HS-ESS-153,01,ENGINEERING STANDARD SPECIFICATION FOR CO2/CLEAN AGENT FIRE EXTINGUISHING SYSTEM,,DE,IFE,,HSE,TM-OT-9001-T-0396,14-10-2,,,No,2041,1204-TKT-COLANGELI,14-10-1,,SPEC,14-10-2,,,,14-10-2,14-11-8,MT-TM-9301-CS-001,,complete,100%
1204-00-EL-SDG-624,01,ELECTRICAL INSTALLATION STANDARD DRAWINGS - COMMUNICATION,,DE,IFR,,EL,PS-OT-T-0203,16-2-28,16-7-21,,Yes,130,1204-Owner-v,16-2-29,,CDW,20-9-10,,,20-9-10,,16-3-5,MT-PS-9301-CS-112,,InProgress,80%
1204-00-HS-DSH-024,00,DATA SHEET FOR ALARM LIGHTING,,DE,IFR,,HSE,TM-OT-9001-T-0412,14-11-24,,,No,1988,1204-TKT-COLANGELI,14-11-24,,DSH,19-10-12,,,20-10-10,14-11-24,,,,InProgress,80%
1204-83-HS-DSH-001,01,DATA SHEET FOR FLARE STACK,,DE,IFR,,HSE,PS-OT-T-0323,16-8-21,,,No,1352,1204-Owner-v,16-8-23,,DSH,19-10-12,,,20-10-10,,,,,InProgress,80%
1204-00-EL-MSS-510,01,MATERIAL STANDARD SPECIFICATION FOR CATHODIC PROTECTION,,DE,IFE,,EL,TM-OT-9001-T-0417,14-12-3,,,No,1979,1204-TKT-COLANGELI,14-12-3,,SPEC,14-12-3,,,,14-12-3,,,,complete,100%
1204-00-PI-SDG-402,03,STANDARD DRAWING FOR ABOVE GROUND PIPING,,DE,IFE,,PI,PS-OT-T-0937,20-3-14,,,No,51,1204-Owner-v,20-3-15,,SPEC,20-3-14,,,,20-3-14,20-3-17,MT-PS-9609-CS-0314,,complete,100%
1204-00-PV-ESS-243,01,ENGINEERING STANDARD SPECIFICATION FOR TOWERS,,DE,IFE,,MD,PS-OT-T-0924,20-3-2,,,No,63,1204-Owner-v,20-4-10,,SPEC,20-4-30,,,20-4-30,,20-3-3,MT-PS-9609-CS-0292,,complete,100%
1204-00-ST-SDG-763,01,STANDARD DRAWING FOR ALLOWABLE TOLERANCES FOR STEEL STRUCTURE,,DE,IFC,,ST,PS-OT-T-0043,15-5-17,,,No,1814,1204-Owner-v,15-5-18,,SPEC,15-5-17,,,,15-5-17,,,,complete,100%
1204-71-PR-DSH-101,01,DATA SHEET FOR DAILY METHANOL STORAGE TANKS (TK-7101 A/B),,BE,IFE,,PR,TM-OT-9001-T-0242,13-3-14,,,No,2608,1204-Owner-v,15-9-16,,DSH,13-3-14,,,,13-3-14,,,,complete,100%
1204-22-PR-LST-001,01,EQUIPMENT LIST FOR MACHINERY COOLING WATER SYSTEM,,BE/DE,IFE,,PR,PS-OT-T-0138,15-11-28,,,No,1619,1204-Owner-v,15-11-29,,LIST,15-11-28,,,,15-11-28,15-12-5,MT-PS-9301-CS-051,,complete,100%
1204-62-PR-LST-001,01,EQUIPMENT LIST FOR INSTRUMENT AIR / PLANT AIR SYSTEM,,BE/DE,IFE,,PR,PS-OT-T-0138,15-11-28,,,No,1619,1204-Owner-v,15-11-29,,LIST,15-11-28,,,,15-11-28,15-12-5,MT-PS-9301-CS-051,,complete,100%
1204-00-EL-DIG-003,01,PAGING AND INTERCOM SYSTEM RISER DIAGRAM,,DE,IFR,,EL,PS-OT-T-0907,20-2-23,,,No,71,1204-Owner-v,20-2-25,,CDW,20-4-20,,,20-4-20,,20-2-29,MT-PS-9609-CS-0285,,InProgress,80%
1204-00-EL-DWG-004,02,OVERALL MAIN UNDERGROUND CABLE ROUTING LAYOUT,,DE,IFR,,EL,PS-OT-T-0113,15-10-10,16-7-24,,Yes,274,1204-Owner-v,15-10-10,,CDW,20-8-30,,,20-8-30,15-10-13,15-11-2,MT-PS-9301-CS-039,,InProgress,80%
1204-00-EL-REQ-506,00,REQUISITION FOR AC UPS,,DE,IFI,,EL,PS-OT-T-482,17-9-11,,,No,966,1204-Owner-v,17-9-13,,REQ,17-9-11,,,,17-9-11,18-6-10,MT-PS-9301-CS-251-R,,InProgress,90%
1204-00-EL-SLD-003,01,"SINGLE LINE DIAGRAM FOR 400V SWITCHGEAR - MS-SWB3A,B-01",,DE,IFR,,EL,PS-OT-T-0523,17-12-25,18-6-30,,Yes,173,1204-Owner-v,17-12-30,,CDW,20-9-30,,,20-9-30,18-1-20,18-5-31,MT-PS-9609-CS-008-R,,InProgress,80%
1204-62-PR-DSH-132,00,Process Instrument Data Sheet for On / Off Valves,,BE,IFR,,PR,TM-OT-9001-T-0136,12-7-24,,,No,2841,1204-Owner-v,15-9-16,,DSH,19-10-1,,,20-12-20,,16-1-24,MT-PS-9301-CS-093,,InProgress,80%
1204-62-PR-DSH-134,00,Process Instrument Data Sheet for Level Gauges,,BE,IFR,,PR,TM-OT-9001-T-0136,12-7-24,,,No,2841,1204-Owner-v,15-9-16,,DSH,19-10-1,,,20-12-20,12-7-24,,,,InProgress,80%
1204-00-ST-DWG-012,03,PIPE RACK ZONE 1 / CONCRETE STRUCTURE ( R.C. DETAILS I ),,DE,IFC,,ST,PS-OT-T-0110,15-10-7,,,No,1671,1204-Owner-v,15-10-8,,CDW,15-10-20,,,,15-10-20,15-10-20,MT-PS-9301-CS-027,,complete,100%
1204-00-ST-DWG-073,03,PIPE RACK ZONE 11 / CONCRETE STRUCTURE ( R.C. DETAILS I ),,DE,IFC,,ST,PS-OT-T-0411,17-1-21,,,No,1199,1204-Owner-v,17-1-22,,CDW,17-1-23,,,,17-1-23,,,,complete,100%
1204-90-ST-DWG-1031,02,WAREHOUSE / FDN.. (R.C. DETAILS I),,DE,IFC,,ST,PS-TM-T-0252,17-9-13,,,No,964,1204-TKT-COLANGELI,13-9-26,,CDW,17-9-13,,,,17-9-13,,,,complete,100%
1204-90-ST-DWG-930,03,SUBSTATION / FDN. (G.A. & DETAILS),,DE,IFC,,ST,TM-OT-9001-T-0369,14-5-23,,,No,2173,1204-TKT-COLANGELI,14-5-20,,CDW,14-5-23,,,,14-5-23,,,,complete,100%
1204-90-EL-SLD-053,01,WAREHOUSE EMERGENCY LIGHTING PANEL ONE LINE DIAGRAM,,DE,IFC,,EL,TM-OT-9001-T-0349,14-1-23,,,No,2293,1204-TKT-COLANGELI,14-1-23,,CDW,14-1-23,,,,14-1-23,,,,complete,100%
1204-00-IN-DSH-608,00,DATA SHEET FOR ANNUBAR FLOW ELEMENTS,,DE,IFR,,IN,PS-OT-T-0392,16-12-27,,,No,1224,1204-Owner-v,17-1-11,,DSH,20-8-10,,,20-8-10,,17-1-31,MT-PS-9301-CS-206-R,,InProgress,80%
1204-00-IN-DSH-611,01,DATA SHEET FOR MASS FLOW METERS,,DE,IFR,,IN,PS-OT-T-0524,18-1-1,,,No,854,1204-Owner-v,18-1-2,,DSH,20-8-10,,,20-8-10,18-1-6,18-1-13,MT-PS-9609-CS-001-1,,InProgress,80%
1204-00-IN-REQ-603,01,REQUISITION FOR PROCESS STREAM ANALYZERS,,DE,IFP,,IN,PS-OT-T-0949,20-4-13,,,No,21,1204-Owner-v,20-4-14,,REQ,20-4-13,,,,20-4-13,20-4-20,MT-PS-9609-CS-0330,,complete,100%
1204-00-IN-REQ-623,00,REQUISITION FOR PRESSURE SWITCHES,,DE,IFI,,IN,PS-OT-T-0970,20-5-13,,,No,-9,1204-Owner-v,20-5-16,,REQ,20-4-24,,,20-5-7,,,,,complete,100%
1204-00-PI-PPL-001,06,OVERALL PLOT PLAN,,DE,IFR,,PI,PS-OT-T-0684,18-9-24,,,No,588,1204-Owner-v,18-9-27,,CDW,20-6-1,,,20-6-1,,,,,InProgress,80%
1204-00-EL-REQ-505,02,REQUISITION FOR POWER DISTRIBUTION CONTROL SYSTEM (PDCS),,DE,IFI,,EL,PS-OT-T-0844,19-12-17,,,No,139,1204-Owner-v,19-12-28,,REQ,20-10-8,,,20-10-21,19-12-26,,MT-PS-9609-CS-0451,,InProgress,90%
1204-83-HS-DSH-002,01,DATA SHEET FOR K.O. DRUM,,DE,IFR,,HSE,PS-OT-T-0567,18-2-25,,,No,799,1204-Owner-v,18-2-26,,DSH,19-10-12,,,20-10-10,,18-3-10,MT-PS-9609-CS-045,,InProgress,80%
1204-00-IN-REQ-648,00,REQUISITION FOR ULTRASONIC LEVEL TRANSMITTERS,,DE,IFI,,IN,PS-OT-T-0547,18-2-3,,,No,821,1204-Owner-v,18-2-4,,REQ,20-4-14,,,20-4-27,18-2-5,18-2-15,MT-PS-9609-CS-028,,InProgress,90%
1204-00-PV-TBA-204A,00,TECHNICAL BID ANALYSIS FOR PRESSURE VESSELS GROUP I,,DE,IFE,,MD,TM-OT-9001-T-0195,12-10-24,,,No,2749,1204-Owner-v,15-6-6,,TBA,12-10-24,,,,12-10-24,,,,complete,100%
1204-00-PI-MTO-460A,01,MATERIAL TAKE OFF FOR COATING AND WRAPPING (MTO I),,DE,IFE,,PI,PS-OT-T-0227,16-4-3,,,No,1492,1204-Owner-v,16-4-4,,LIST,16-4-5,,,,16-4-5,16-5-14,MT-PS-9301-CS-147,,complete,100%
1204-00-PR-LST-004,00,OVERAL UTILITY SUMMARY FOR UTILITY UNIT,,DE,IFR,,PR,TM-OT-9001-T-0201,12-11-8,,,No,2734,1204-Owner-v,15-3-17,,LIST,20-5-15,,,,,,,,InProgress,50%
1204-00-PR-PID-002,01,PIPING & INSTRUMENTATION DIAGRAM FOR PIPING SYMBOLS I,,DE,IFR,,PR,PS-OT-T-365,16-11-13,,,No,1268,1204-Owner-v,16-12-10,,EDW,20-8-1,,,20-10-20,17-4-16,17-5-20,MT-PS-9301-CS-201-R,,InProgress,80%
1204-00-PR-PID-006,01,PIPING & INSTRUMENTATION DIAGRAM FOR GENERAL NOTES,,DE,IFR,,PR,PS-OT-T-365,16-11-13,,,No,1268,1204-Owner-v,16-11-16,,EDW,20-8-1,,,20-10-20,17-4-16,17-5-20,MT-PS-9301-CS-201-R,,InProgress,80%
1204-63-PR-DSH-134,00,Process Instrument Data Sheet for Analyzers,,BE,IFR,,PR,TM-OT-9001-T-0136,12-7-24,,,No,2841,1204-Owner-v,15-9-16,,DSH,19-10-1,,,20-12-30,12-7-24,,,,InProgress,80%
1204-64-PR-LST-002,00,LINE LIST FOR WATER POLISHING SYSTEM SYSTEM,,BE,IFR,,PR,TM-OT-9001-T-0297,13-7-3,,,No,2497,1204-TKT-COLANGELI,13-7-2,,LIST,20-3-30,,,20-5-6,13-7-3,,,,InProgress,90%
1204-00-PI-MTO-403A,03,MATERIAL TAKE OFF FOR  GASKETS ABOVE GROUND (MTO I),,DE,IFE,,PI,PS-OT-T-0471,17-8-27,,,No,981,1204-Owner-v,17-8-30,,LIST,17-8-30,,,,17-8-30,,,,complete,100%
1204-00-PI-MTO-405A,01,MATERIAL TAKE OFF FOR BOLTS & NUTS  ABOVE GROUND (MTO I),,DE,IFE,,PI,PS-OT-T-0402,17-1-15,,,No,1205,1204-Owner-v,17-6-10,,LIST,17-1-15,,,,17-1-15,,,,complete,100%
1204-00-PI-MTO-463A,03,MATERIAL TAKE OFF FOR U/G GASKETS (MTO I),,DE,IFE,,PI,PS-OT-T-0348,16-10-8,,,No,1304,1204-Owner-v,16-10-9,,LIST,16-10-19,,,,16-10-19,,,,complete,100%
1204-00-PI-MTO-465A,00,MATERIAL TAKE OFF FOR U/G BOLTS & NUTS (MTO I),,DE,IFE,,PI,PS-OT-T-0356,16-11-1,,,No,1280,1204-Owner-v,16-11-2,,LIST,16-11-3,,,,16-11-3,,,,complete,100%
1204-00-PR-PID-001,01,PIPING & INSTRUMENTATION DIAGRAM FOR EQUIPMENT SYMBOLS,,DE,IFR,,PR,PS-OT-T-365,16-11-13,,,No,1268,1204-Owner-v,16-12-10,,EDW,20-8-1,,,20-10-20,17-4-16,17-5-20,MT-PS-9301-CS-201-R,,InProgress,80%
1204-40-PR-PID-402,02,PIPING & INSTRUMENTATION DIAGRAM UNIT 400- BFW PUMPS TURBINE,,DE,IFC-WH,,PR,PS-OT-T-0664,18-8-11,,,No,632,1204-Owner-v,18-8-16,,EDW,20-7-15,,,20-7-15,18-8-15,,,,InProgress,90%
1204-40-PR-PID-403,02,PIPING & INSTRUMENTATION DIAGRAM UNIT 400- BFW CHEMICALS DOSING PACKAGES,,DE,IFC-WH,,PR,PS-OT-T-0664,18-8-11,,,No,632,1204-Owner-v,18-8-16,,EDW,20-7-15,,,20-7-15,18-8-15,,,,InProgress,90%
1204-71-PR-PID-711,03,PIPING & INSTRUMENTATION DIAGRAM FOR DAILY METHANOL STORAGE TANK A,,BE/DE,IFC-WH,,PR,PS-OT-T-0652,18-7-23,,,No,651,1204-Owner-v,18-7-29,,EDW,20-5-1,,,20-6-30,18-8-2,18-8-13,MT-PS-9609-CS-109,,complete,100%
1204-00-ST-DWG-017,02,PIPE RACK ZONE 2 / FDN. (G.A. & R.C.),,DE,IFC,,ST,TM-OT-9001-T-0402,14-10-30,,,No,2013,1204-TKT-COLANGELI,14-10-29,,CDW,14-10-30,,,,14-10-30,14-11-11,MT-TM-9301-CS-006,,complete,100%
1204-00-ST-DWG-066,03,PIPE RACK ZONE 10 / CONCRETE STRUCTURE ( G.A. PLANS & DETAILS ),,DE,IFC,,ST,PS-OT-T-328,16-8-28,,,No,1345,1204-Owner-v,16-8-28,,CDW,16-9-3,,,,16-9-3,,,,complete,100%
1204-10-ST-DWG-154,01,REFORMER (HORIZONTAL CONVECTION SECTION) / FDN. (G.A.),,DE,IFC,,ST,PS-OT-T-0672,18-8-28,,,No,615,1204-Owner-v,18-9-1,,CDW,18-8-28,,,,18-8-28,,,,complete,100%
1204-90-EL-SLD-041,01,RESTAURANT EMERGENCY LIGHTING PANEL ONE LINE DIAGRAM,,DE,IFC,,EL,TM-OT-9001-T-0349,14-1-23,,,No,2293,1204-TKT-COLANGELI,14-1-23,,CDW,14-1-23,,,,14-1-23,,,,complete,100%
1204-90-EL-SLD-050,01,GUARD HOUSE NORMAL LIGHTING PANEL ONE LINE DIAGRAM,,DE,IFC,,EL,TM-OT-9001-T-0349,14-1-23,15-3-3,,Yes,390,1204-TKT-COLANGELI,14-1-23,,CDW,14-1-23,,,,14-1-23,,,,complete,100%
1204-00-HS-DSH-006,00,DATA SHEET FOR SPRAY NOZZLE,,DE,IFR,,HSE,TM-OT-9001-T-0342,13-12-18,,,No,2329,1204-TKT-COLANGELI,13-12-18,,DSH,19-10-12,,,20-10-10,13-12-18,,,,InProgress,80%
1204-84-HS-DSH-005,01,DATA SHEET FOR SANITARY WATER COLLECTION BASIN (SU-8402),,DE,IFR,,HSE,PS-OT-T-0854,19-12-28,,,No,128,1204-Owner-v,20-1-3,,DSH,19-10-12,,,20-10-10,,20-2-12,MT-PS-9301-CS-0269-1,,InProgress,80%
1204-00-IN-DSH-606,01,DATA SHEET FOR PRESSURE SAFETY/RELIEF VALVES,,DE,IFR,,IN,PS-OT-T-0137,15-11-21,,,No,1626,1204-Owner-v,15-11-29,,DSH,20-8-10,,,20-8-10,16-8-10,16-8-13,MT-PS-9301-CS-075-1,,InProgress,80%
1204-00-PI-ISO-1300,00,A/G ISOMETRIC DRAWING OF AREA-13,,DE,IFR,,PI,PS-OT-T-0283,16-6-12,,,No,1422,1204-Owner-v,16-6-14,,CDW,20-6-11,,,20-6-11,16-6-18,,,,InProgress,80%
1204-00-PI-KPL-007,02,UNDER GROUND PIPING PLAN KEY PLAN,,DE,IFR,,PI,PS-OT-T-0046,15-5-20,,,No,1811,1204-Owner-v,15-5-20,,CDW,20-6-1,,,20-6-1,,,,,InProgress,80%
1204-00-PI-MTO-411A,00,MATERIAL TAKE OFF FOR HOSE & HOSE COUPLING (MTO I),,DE,IFE,,PI,PS-OT-T-0964,20-5-5,,,No,-1,1204-Owner-v,20-5-7,,LIST,20-6-15,,,20-7-1,,,,,complete,100%
1204-00-PI-TBA-404A,02,TECHNICAL BID ANALYSIS FOR A/G VALVES(MTO I),,DE,IFE,,PI,PS-OT-T-0522,17-12-20,,,No,866,1204-Owner-v,17-12-30,,TBA,18-1-1,,,,18-1-1,18-1-8,MT-PS-9609-CS-005,,complete,100%
1204-10-PR-PID-101,02,PIPING & INSTRUMENTATION DIAGRAM UNIT 100- NATURAL GAS SUPPLY,,DE,IFC-WH,,PR,PS-OT-T-0749,19-1-23,,,No,467,1204-Owner-v,19-1-27,,EDW,21-4-1,,,21-4-1,19-1-30,20-4-20,MT-PS-9609-CS-0331,,InProgress,90%
1204-10-PR-PID-105,02,PIPING & INSTRUMENTATION DIAGRAM UNIT 100- FEED GAS SATURATION,,DE,IFC-WH,,PR,PS-OT-T-0749,19-1-23,,,No,467,1204-Owner-v,19-1-27,,EDW,21-4-1,,,21-4-1,19-1-30,20-4-20,MT-PS-9609-CS-0331,,InProgress,90%
1204-90-EL-DWG-610,01,FIRE STATION LIGHTING AND SMALL POWER LAYOUT,,DE,IFC,,EL,TM-OT-9001-T-0349,14-1-23,15-3-3,,Yes,390,1204-TKT-COLANGELI,14-1-23,,CDW,14-1-23,,,,14-1-23,,,,complete,100%
1204-90-EL-SLD-076,00,STREET LIGHTING PANEL ONE LINE DIAGRAM,,DE,IFR,,EL,TM-OT-9001-T-0189,12-10-19,,,No,2754,1204-Owner-v,15-9-16,,CDW,20-5-30,,,20-5-30,12-10-19,,,,InProgress,80%
1204-00-HS-DSH-027,00,DATA SHEET FOR MANUAL RELEASE SWITCHES,,DE,IFR,,HSE,TM-OT-9001-T-0412,14-11-24,,,No,1988,1204-TKT-COLANGELI,14-11-24,,DSH,19-10-12,,,20-10-10,14-11-24,,,,InProgress,80%
1204-84-HS-LST-003,00,ALARM AND TRIP SET POINTS FOR EFFLUENT WATER TREATMENT SYSTEM,,DE,IFR,,HSE,PS-OT-T-0686,18-9-24,,,No,588,1204-Owner-v,18-10-6,,LIST,19-10-1,19-11-22,,20-7-15,,,,,InProgress,90%
1204-00-RE-TBA-301,03,TECHNICAL BID ANALYSIS FOR CENTRIFUGAL COMPRESSORS,,DE,IFE,,MC,PS-OT-T-0831,19-10-28,,,No,189,1204-Owner-v,19-10-28,,TBA,19-10-28,,,,,,,,complete,100%
1204-00-PI-ISO-6000,01,U/G ISOMETRIC DRAWING OF AREA-60,,DE,IFC-WH,,PI,PS-OT-T-0628,18-6-13,,,No,691,1204-Owner-v,18-6-18,,CDW,20-6-30,,,20-6-30,,18-6-24,MT-PS-9609-CS-087,,InProgress,90%
1204-00-EL-SCH-5034,00,"LV SWITCHGEAR SCHEDULE (MS-SWB3A,B-04)",,DE,IFR,,EL,TM-OT-9001-T-0319,13-9-25,,,No,2413,1204-TKT-COLANGELI,13-9-23,,LIST,20-5-12,,,20-5-12,13-9-24,,,,InProgress,90%
1204-06-EL-DWG-030,00,COMMUNICATION AND CCTV LAYOUT AREA 06,,DE,IFR,,EL,PS-OT-T-0204,16-2-28,16-7-23,,Yes,132,1204-Owner-v,16-3-2,,CDW,20-8-20,,,20-8-20,,16-4-5,MT-PS-9301-CS-119-1,,InProgress,80%
1204-90-EL-DWG-921,01,WAREHOUSE BUILDING LIGHTNING PROTECTION LAYOUT,,DE,IFC,,EL,TM-OT-9001-T-0349,14-1-23,,,No,2293,1204-TKT-COLANGELI,14-1-23,,CDW,14-1-23,,,,14-1-23,,,,complete,100%
1204-00-HS-DSH-022,00,DATA SHEET FOR ALARM SOUNDER,,DE,IFR,,HSE,TM-OT-9001-T-0412,14-11-24,,,No,1988,1204-TKT-COLANGELI,14-11-24,,DSH,19-10-12,,,20-10-10,14-11-24,,,,InProgress,80%
1204-90-HS-DWG-002,02,SAFETY EQUIPMENT LAYOUT FOR SUBSTATION,,DE,IFE,,HSE,PS-OT-T-376,16-12-12,,,No,1239,1204-Owner-v,16-12-24,,EDW,16-12-16,,,,16-12-16,,,,complete,100%
1204-00-IN-DIG-001,00,FCS LOGIC DIAGRAM,,DE,IFR,,IN,TM-OT-9001-T-0313,15-8-8,,,No,1731,1204-TKT-COLANGELI,13-8-8,,EDW,20-5-27,,,20-5-27,13-8-8,,,,InProgress,80%
1204-00-IN-DSH-619,01,DATA SHEET FOR LEVEL SWITCHES,,DE,IFR,,IN,PS-OT-T-0546,18-2-3,,,No,821,1204-Owner-v,18-2-4,,DSH,20-8-10,,,20-8-10,18-2-15,18-8-4,MT-PS-9609-CS-027-R,,InProgress,80%
1204-00-IN-MTO-002,00,MATERIAL TAKE OFF FOR INSTRUMENT JUNCTION BOX,,DE,IFE,,IN,PS-OT-T-0880,20-2-6,,,No,88,1204-Owner-v,20-2-8,,LIST,19-12-25,,,20-4-28,,20-4-16,MT-PS-9609-CS-0271-R,,complete,100%
1204-00-IN-MTO-004,00,MATERIAL TAKE OFF FOR INSTRUMENT CABLE TRAYS / LADDERS AND ACCESSORIES,,DE,IFE,,IN,PS-OT-T-0919,20-2-26,,,No,68,1204-Owner-v,20-2-27,,LIST,19-12-25,,,20-4-28,,20-3-3,MT-PS-9609-CS-0295,,complete,100%
1204-90-EL-SLD-078,00,PHOTOCELL RELAY BOX WIRING DIAGRAM,,DE,IFR,,EL,TM-OT-9001-T-0194,12-10-22,,,No,2751,1204-Owner-v,15-9-16,,CDW,20-5-30,,,20-5-30,12-10-22,,,,InProgress,80%
1204-00-IN-DIG-003,00,JUNCTION BOX TERMINAL ARRANGEMENT DIAGRAM,,DE,IFR,,IN,PS-OT-T-0885,20-2-8,,,No,86,1204-Owner-v,20-2-9,,EDW,20-11-10,,,20-11-10,,20-4-16,MT-PS-9609-CS-0273-R,,InProgress,80%
1204-00-IN-DSH-623,01,DATA SHEET FOR PRESSURE SWITCHES,,DE,IFR,,IN,PS-OT-T-0957,20-4-28,,,No,6,1204-Owner-v,20-4-29,,DSH,20-8-10,,,20-8-10,,,,,InProgress,80%
1204-00-IN-TBA-630,00,TECHNICAL BID ANALYSIS FOR INSTRUMENT CABLE LADDERS / TRAYS & ACCESSORIES,,DE,IFE,,IN,PS-OT-T-0969,20-5-13,,,No,-9,1204-Owner-v,20-5-16,,TBA,20-7-21,,,20-7-27,,,,,complete,100%
1204-00-PI-KPL-006,04,PIPING PLAN KEY PLAN,,DE,IFR,,PI,PS-OT-T-0368,16-11-15,,,No,1266,1204-Owner-v,16-11-19,,CDW,20-6-1,,,20-6-1,16-11-20,,,,InProgress,80%
1204-64-PR-PID-642,02,PIPING & INSTRUMENTATION DIAGRAM FOR WATER POLISHING SYSTEM (2 OF 3),,DE,IFR,,PR,PS-OT-T-0417,17-2-11,,,No,1178,1204-Owner-v,17-2-19,,EDW,17-2-23,,,,17-2-23,17-2-25,MT-PS-9301-CS-215,,complete,100%
1204-00-ST-DWG-041,01,PIPE RACK ZONE 6 / FDN. (G.A. & R.C.),,DE,IFC,,ST,PS-OT-T-0049,15-5-25,,,No,1806,1204-Owner-v,15-5-26,,CDW,15-5-25,,,,15-5-25,,,,complete,100%
1204-00-ST-DWG-047,02,PIPE RACK ZONE 7 / FDN. (G.A. & R.C.),,DE,IFC,,ST,PS-OT-T-0049,15-5-25,,,No,1806,1204-Owner-v,15-5-26,,CDW,15-5-25,,,,15-5-25,,,,complete,100%
1204-00-HS-DSH-005,00,DATA SHEET FOR HOSE REEL,,DE,IFR,,HSE,TM-OT-9001-T-0342,13-12-18,,,No,2329,1204-TKT-COLANGELI,13-12-18,,DSH,19-10-12,,,20-10-10,13-12-18,,,,InProgress,80%
1204-00-HS-DSH-012,00,DATA SHEET FOR WHEELED DRY POWDER EXTINGUISHER,,DE,IFR,,HSE,TM-OT-9001-T-0342,13-12-18,,,No,2329,1204-TKT-COLANGELI,13-12-18,,DSH,19-10-12,,,20-10-10,13-12-18,,,,InProgress,80%
1204-00-HS-DSH-023,00,DATA SHEET FOR ALARM SOUNDERS AND FLASHERS,,DE,IFR,,HSE,TM-OT-9001-T-0412,14-11-24,,,No,1988,1204-TKT-COLANGELI,14-11-24,,DSH,19-10-12,,,20-10-10,14-11-24,,,,InProgress,80%
1204-00-IN-DSH-622,01,DATA SHEET FOR PRESSURE GAUGES,,DE,IFR,,IN,PS-OT-T-0549,18-2-6,,,No,818,1204-Owner-v,18-2-7,,DSH,20-8-10,,,20-8-10,18-2-12,18-2-17,MT-PS-9609-CS-030,,InProgress,80%
1204-00-IN-DSH-624,02,DATA SHEET FOR ELECTRONIC TRANSMITTERS,,DE,IFR,,IN,PS-OT-T-0932,20-3-11,,,No,54,1204-Owner-v,20-3-17,,DSH,20-8-10,,,20-8-10,,20-4-5,MT-PS-9609-CS-0326,,InProgress,80%
1204-00-IN-TBA-604,02,TECHNICAL BID ANALYSIS FOR ON / OFF VALVES,,DE,IFE,,IN,PS-OT-T-0744,19-1-6,,,No,484,1204-Owner-v,19-1-8,,TBA,19-1-8,,,,19-1-8,,,,complete,100%
1204-00-PV-TBA-204C,01,TECHNICAL BID ANALYSIS FOR PRESSURE VESSEL (GROUP III),,DE,IFE,,MD,PS-OT-T-0228,16-4-6,,,No,1489,1204-Owner-v,16-4-9,,TBA,16-4-6,,,,16-4-6,16-4-18,MT-PS-9301-CS-128,,complete,100%
1204-00-PI-ISO-1200,00,A/G ISOMETRIC DRAWING OF AREA-12,,DE,IFR,,PI,PS-OT-T-0175,16-1-6,,,No,1580,1204-Owner-v,16-1-7,,CDW,20-5-25,,,20-5-25,16-1-16,16-5-7,MT-PS-9301-CS-144,,InProgress,80%
1204-00-PI-ISO-6400,01,U/G ISOMETRIC DRAWING OF AREA-64,,DE,IFC-WH,,PI,PS-OT-T-0629,18-6-13,,,No,691,1204-Owner-v,18-6-19,,CDW,20-6-30,,,20-6-30,,18-6-24,MT-PS-9609-CS-088,,InProgress,90%
1204-90-EL-SLD-042,01,CLINIC NORMAL LIGHTING PANEL ONE LINE DIAGRAM,,DE,IFC,,EL,TM-OT-9001-T-0349,14-1-23,,,No,2293,1204-TKT-COLANGELI,14-1-23,,CDW,14-1-23,,,,14-1-23,,,,complete,100%
1204-90-EL-SLD-049,01,WORK SHOP EMERGENCY LIGHTING PANEL ONE LINE DIAGRAM,,DE,IFC,,EL,TM-OT-9001-T-0349,14-1-23,,,No,2293,1204-TKT-COLANGELI,14-1-23,,CDW,14-1-23,,,,14-1-23,,,,complete,100%
1204-90-HS-DWG-001,02,SAFETY EQUIPMENT LAYOUT FOR CONTROL ROOM,,DE,IFC,,HSE,PS-OT-T-0026,15-4-20,,,No,1841,1204-Owner-v,15-4-22,,EDW,15-4-20,,,,15-4-20,,,,complete,100%
1204-00-HV-MSS-781,01,MATERIAL STANDARD SPECIFICATION FOR HVAC EQUIPMENT,,DE,IFE,,HV,TM-OT-9001-T-0422,14-12-11,,,No,1971,1204-TKT-COLANGELI,14-12-10,,SPEC,14-12-11,,,,14-12-11,,,,complete,100%
1204-00-HV-REQ-790,02,REQUISITION FOR HVAC EQUIPMENT,,DE,IFI,,HV,PS-OT-T-0565,18-2-21,,,No,803,1204-Owner-v,18-2-24,,REQ,18-3-1,,,,18-3-1,18-3-5,MT-PS-9609-CS-040,,complete,100%
1204-00-IN-DSH-620,00,DATA SHEET FOR LEVEL GAUGES,,DE,IFR,,IN,TM-OT-9001-T-0277,13-5-16,,,No,2545,1204-TKT-COLANGELI,13-5-16,,DSH,20-8-10,,,20-8-10,13-5-16,,,,InProgress,80%
1204-00-RE-REQ-301,04,REQUISITION FOR CENTRIFUGAL COMPRESSORS,,DE,IFP,,MC,PS-OT-T-0492,17-9-18,,,No,959,1204-Owner-v,17-9-19,,REQ,17-10-9,,,,17-10-9,,,,complete,100%
1204-00-HM-REQ-257B,01,REQUISITION FOR SHELL & TUBE HEAT EXCHANGERS (GROUP II),,DE,IFP,,MD,PS-OT-T-0570,18-2-27,,,No,797,1204-Owner-v,18-4-15,,REQ,18-2-27,,,,18-2-27,,,,complete,100%
1204-00-IN-REQ-606,00,REQUISITION FOR PRESSURE SAFETY/RELIEF VALVES,,DE,IFI,,IN,PS-OT-T-0136,15-11-21,,,No,1626,1204-Owner-v,15-11-21,,REQ,15-12-1,,,,15-12-1,15-12-14,MT-PS-9301-CS-055,,InProgress,90%
1204-00-IN-REQ-619,00,REQUISITION FOR LEVEL SWITCHES,,DE,IFI,,IN,PS-OT-T-0547,18-2-3,,,No,821,1204-Owner-v,18-2-4,,REQ,20-4-28,,,20-5-11,18-2-5,18-2-15,MT-PS-9609-CS-028,,InProgress,90%
1204-00-PI-ISO-1400,00,A/G ISOMETRIC DRAWING OF AREA-14,,DE,IFR,,PI,PS-OT-T-0165,15-12-30,,,No,1587,1204-Owner-v,16-1-2,,CDW,19-12-13,,,20-5-28,16-1-6,,,,InProgress,80%
1204-00-PI-MTO-402A,03,MATERIAL TAKE OFF FOR  FLANGES ABOVE GROUND (MTO I),,DE,IFE,,PI,PS-OT-T-0469,17-8-26,,,No,982,1204-Owner-v,17-9-24,,LIST,17-8-30,,,,17-8-30,17-10-23,MT-PS-9301-CS-259,,complete,100%
1204-00-PI-PPL-005,01,PLOT PLAN UTILITY/TANKAGE,,DE,IFR,,PI,PS-OT-T-0433,17-4-4,,,No,1126,1204-Owner-v,17-4-8,,CDW,20-6-1,,,20-6-1,,,,,InProgress,80%
1204-10-PR-PID-104,02,PIPING & INSTRUMENTATION DIAGRAM UNIT 100- NATURAL GAS FEED PREHEATING,,DE,IFC-WH,,PR,PS-OT-T-0749,19-1-23,,,No,467,1204-Owner-v,19-1-27,,EDW,21-4-1,,,21-4-1,19-1-30,20-4-20,MT-PS-9609-CS-0331,,InProgress,90%
1204-10-PR-PID-116,01,PIPING & INSTRUMENTATION DIAGRAM UNIT 100- PROCESS CONDENSATE PUMPS,,DE,IFR,,PR,PS-OT-T-363,16-11-13,,,No,1268,1204-Owner-v,16-11-16,,EDW,20-6-1,,,20-6-1,17-4-1,17-5-20,MT-PS-9301-CS-200-R,,InProgress,80%
1204-00-HS-DWG-002,01,SAFETY EQUIPMENT LAYOUT FOR PROCESS UNIT,,DE,IFE,,HSE,PS-OT-T-376,16-12-12,,,No,1239,1204-Owner-v,16-12-24,,EDW,21-6-1,,,21-6-1,,,,,complete,100%
1204-00-HV-TBA-792,00,TECHNICAL BID ANALYSIS FOR DUCT ACCESSORIES,,DE,IFE,,HV,PS-OT-T-0388,16-12-21,,,No,1230,1204-Owner-v,16-12-24,,TBA,16-12-21,,,,16-12-21,,,,complete,100%
1204-00-IN-DSH-607,01,DATA SHEET FOR RUPTURE DISCS,,DE,IFR,,IN,PS-OT-T-0926,20-3-7,,,No,58,1204-Owner-v,20-3-9,,DSH,20-8-10,,,20-8-10,,20-3-26,MT-PS-9609-CS-0322,,InProgress,80%
1204-00-HM-TBA-257B,00,TECHNICAL BID ANALYSIS FOR SHELL & TUBE HEAT EXCHANGERS (GROUP II),,DE,IFE,,MD,PS-OT-T-0202,16-2-17,,,No,1538,1204-Owner-v,16-2-21,,TBA,16-2-17,,,,16-2-17,,,,complete,100%
1204-00-PV-TBA-214A,00,TECHNICAL BID ANALYSIS FOR TANK ACCESSORIES,,DE,IFE,,MD,PS-OT-T-0156,13-12-21,,,No,2326,1204-Owner-v,15-12-22,,TBA,15-12-23,,,,15-12-23,16-1-4,MT-PS-9301-CS-071,,complete,100%
1204-00-PI-APL-1400,00,PIPING PLAN AREA-14,,DE,IFR,,PI,PS-OT-T-0165,15-12-30,,,No,1587,1204-Owner-v,16-1-2,,CDW,19-12-13,,,20-5-28,16-1-6,,,,InProgress,80%
1204-00-PR-PID-011,01,PIPING & INSTRUMENTATION DIAGRAM INDEX,,DE,IFR,,PR,PS-OT-T-365,16-11-13,,,No,1268,1204-Owner-v,16-11-16,,EDW,20-8-1,,,20-10-20,17-4-16,17-5-20,MT-PS-9301-CS-201-R,,InProgress,80%
1204-00-ST-DWG-083,01,PIPE RACK ZONE 8 / STEEL PARTS,,DE,IFC,,ST,PS-OT-T-0541,18-1-10,,,No,845,1204-Owner-v,18-1-21,,CDW,18-1-10,,,,18-1-10,18-1-21,MT-PS-9609-CS-011,,complete,100%
1204-00-EL-SDG-622,01,ELECTRICAL INSTALLATION STANDARD DRAWINGS - EARTHING,,DE,IFR,,EL,PS-OT-T-0118,15-10-12,15-11-28,,Yes,33,1204-Owner-v,15-10-13,,CDW,20-9-10,,,20-9-10,,15-11-19,MT-PS-9301-CS-044,,InProgress,80%
1204-00-EL-SLD-022,01,TYPICAL SINGLE LINE DIAGRAM FOR BATTERY CHARGER,,DE,IFR,,EL,PS-OT-T-0491,17-9-18,17-10-18,,Yes,16,1204-Owner-v,17-9-21,,CDW,20-9-30,,,20-9-30,,17-10-9,MT-PS-9301-CS-254,,InProgress,80%
1204-05-EL-DWG-020,01,EARTHING LAYOUT - AREA 05,,DE,IFR,,EL,PS-OT-T-0130,15-11-9,16-7-24,,Yes,244,1204-Owner-v,15-11-10,,CDW,20-7-30,,,20-7-30,,15-12-8,MT-PS-9301-CS-053,,InProgress,80%
1204-90-EL-DWG-621,01,FIRE STATION LIGHTNING PROTECTION LAYOUT,,DE,IFC,,EL,TM-OT-9001-T-0349,14-1-23,,,No,2293,1204-TKT-COLANGELI,14-1-23,,CDW,14-1-23,,,,14-1-23,,,,complete,100%
1204-00-HS-REQ-152,00,REQUISITION FOR FIRE EXTINGUISHERS,,DE,IFI,,HSE,PS-OT-T-0082,15-8-1,,,No,1738,1204-Owner-v,15-8-3,,REQ,20-7-31,,,20-8-13,15-8-2,15-8-24,MT-PS-9301-CS-008,,InProgress,90%
1204-00-HS-REQ-154,01,REQUISITION FOR FIRE AND GAS ALARM DEVICES,,DE,IFI,,HSE,PS-OT-T-0899,20-2-18,,,No,76,1204-Owner-v,20-2-18,,REQ,20-7-7,,,20-7-20,,20-3-1,MT-PS-9609-CS-0289,,InProgress,90%
1204-83-HS-LST-003,00,ALARM AND TRIP SET POINTS FOR FLARE SYSTEM,,DE,IFR,,HSE,PS-OT-T-0027,15-4-20,,,No,1841,1204-Owner-v,15-4-22,,LIST,20-7-15,,,20-7-15,15-4-20,,,,InProgress,90%
1204-00-IN-DSH-626,00,DATA SHEET FOR MOTOR OPERATED VALVES,,DE,IFR,,IN,PS-OT-T-0174,16-1-5,,,No,1581,1204-Owner-v,16-1-6,,DSH,20-8-10,,,20-8-10,16-1-6,16-1-18,MT-PS-9301-CS-089,,InProgress,80%
1204-00-PI-REQ-407A,00,REQUISITION FOR STRAINER(MTO I),,DE,IFI,,PI,PS-OT-T-0934,20-3-14,,,No,51,1204-Owner-v,20-3-15,,REQ,20-4-16,,,20-4-29,,20-4-7,MT-PS-9609-CS-0327,,InProgress,90%
1204-63-PR-DSH-103,02,DATASHEET FOR COOLING WATER SUPPLY PUMPS (P-6301 A~F),,BE,IFE,,PR,PS-OT-T-0292,16-6-19,,,No,1415,1204-Owner-v,16-6-20,,DSH,16-6-26,,,,16-6-26,16-7-2,MT-PS-9301-CS-171,,complete,100%
1204-64-PR-DSH-106,01,DATA SHEET FOR CONDENSATE TRANSFER PUMPS (P-6401 A/B),,BE,IFE,,PR,TM-OT-9001-T-0299,13-7-4,,,No,2496,1204-Owner-v,15-9-16,,DSH,13-7-4,,,,13-7-4,,,,complete,100%
1204-00-EL-SLD-002,02,"SINGLE LINE DIAGRAM FOR 6KV SWITCHGEAR , MS-SWB2A,B-01                                     ",,DE,IFR,,EL,PS-OT-T-0555,18-2-13,18-2-25,,Yes,-2,1204-Owner-v,18-2-17,,CDW,20-9-30,,,20-9-30,18-2-21,18-2-27,MT-PS-9609-CS-034-R,,InProgress,80%
1204-00-IN-TBA-603,00,TECHNICAL BID ANALYSIS FOR PROCESS STREAM ANALYZERS,,DE,IFE,,IN,PS-OT-T-0716,18-11-11,,,No,540,1204-Owner-v,18-11-16,,TBA,18-11-17,,,,18-11-17,,,,complete,100%
1204-00-HM-TBA-257A,00,TECHNICAL BID ANALYSIS FOR SHELL & TUBE HEAT EXCHANGERS (GROUP I),,DE,IFE,,MD,TM-OT-9001-T-0419,14-12-10,,,No,1972,1204-TKT-COLANGELI,14-12-9,,TBA,14-12-10,,,,14-12-10,14-12-16,MT-TM-9301-CS-025,,complete,100%
1204-00-PI-APL-1100,00,PIPING PLAN AREA-11,,DE,IFR,,PI,PS-OT-T-0073,15-7-7,,,No,1763,1204-Owner-v,15-7-11,,CDW,20-5-25,,,20-5-25,15-7-7,,,,InProgress,80%
1204-00-PR-PID-003,01,PIPING & INSTRUMENTATION DIAGRAM FOR PIPING SYMBOLS II,,DE,IFR,,PR,PS-OT-T-365,16-11-13,,,No,1268,1204-Owner-v,16-12-10,,EDW,20-8-1,,,20-10-20,17-4-16,17-5-20,MT-PS-9301-CS-201-R,,InProgress,80%
1204-63-PR-TBA-108,01,TECHNICAL BID ANALYSIS FOR COOLING TOWER,,DE,IFE,,PR,PS-OT-T-0015,15-4-7,,,No,1854,1204-Owner-v,15-7-22,,TBA,14-11-25,,,,14-11-25,14-11-30,MT-TM-9301-CS-016,,complete,100%
1204-90-ST-DWG-1005,01,CONTROL ROOM & LABORATORY / LABORATORY  SHELTER & DETS.,,DE,IFC,,ST,TM-OT-9001-T-0432,15-1-21,,,No,1930,1204-TKT-COLANGELI,15-1-20,,CDW,15-1-21,,,,15-1-21,,,,complete,100%
1204-00-IN-DSH-641,00,DATA SHEET FOR TEMPERATURE GAUGES AND TESTWELLS,,DE,IFR,,IN,TM-OT-9001-T-0275,13-5-15,,,No,2546,1204-TKT-COLANGELI,13-5-15,,DSH,20-8-10,,,20-8-10,,,,,InProgress,80%
1204-00-IN-REQ-617,00,REQUISITION FOR VENTURI TUBES & FLOW NOZZLES,,DE,IFI,,IN,PS-OT-T-0251,16-4-23,,,No,1472,1204-Owner-v,16-4-24,,REQ,19-12-10,,,19-12-23,,18-5-22,MT-PS-9609-CS-068-R,,InProgress,90%
1204-00-RE-TBA-302,01,TECHNICAL BID ANALYSIS FOR N2 CIRCULATOR COMPRESSOR,,DE,IFE,,MC,PS-OT-T-0963,20-5-5,,,No,-1,1204-Owner-v,20-5-7,,TBA,20-5-5,,,,,,,,complete,100%
1204-00-HM-TBA-257C,00,TECHNICAL BID ANALYSIS FOR SHELL & TUBE HEAT EXCHANGERS (GROUP III),,DE,IFE,,MD,PS-OT-T-0225,16-3-16,,,No,1510,1204-Owner-v,16-4-2,,TBA,16-4-5,,,,16-4-5,,,,complete,100%
1204-00-PV-REQ-201,02,REQUISITION FOR REACTOR,,DE,IFP,,MD,PS-OT-T-0166,15-12-30,,,No,1587,1204-Owner-v,16-1-2,,REQ,16-1-6,,,,16-1-6,16-1-17,MT-PS-9301-CS-088,,complete,100%
1204-00-PV-TBA-214B,00,TECHNICAL BID ANALYSIS FOR TANK SEALING SYSTEM,,DE,IFE,,MD,PS-OT-T-0288,16-6-15,,,No,1419,1204-Owner-v,16-6-18,,TBA,20-7-1,,,20-7-21,16-6-20,,,,complete,100%
1204-00-PI-ISO-1100,00,A/G ISOMETRIC DRAWING OF AREA-11,,DE,IFR,,PI,PS-OT-T-0073,15-7-7,,,No,1763,1204-Owner-v,15-7-11,,CDW,20-5-25,,,20-5-25,15-7-7,,,,InProgress,80%
1204-00-PI-MTO-410A,00,MATERIAL TAKE OFF FOR C.S ELECTRODE & WELDING ROD (MTO I),,DE,IFE,,PI,PS-OT-T-0303,16-7-10,,,No,1394,1204-Owner-v,16-7-12,,LIST,16-7-16,,,,16-7-16,,,,complete,100%
1204-30-PR-PID-306,02,PIPING & INSTRUMENTATION DIAGRAM UNIT 300-SECOND REFINING OVERHEAD,,DE,IFC-WH,,PR,PS-OT-T-0641,18-7-7,,,No,667,1204-Owner-v,18-7-10,,EDW,20-6-15,,,20-6-15,,18-7-10,MT-PS-9609-CS-096,,InProgress,90%
1204-40-PR-PID-409,02,PIPING & INSTRUMENTATION DIAGRAM UNIT 400- PACKAGE BOILER,,DE,IFC-WH,,PR,PS-OT-T-0664,18-8-11,,,No,632,1204-Owner-v,18-8-16,,EDW,20-7-15,,,20-7-15,18-8-15,,,,InProgress,90%
1204-20-ST-DWG-205,02,D-2002 / FDN. (G.A. & R.C.),,DE,IFC,,ST,PS-OT-T-0312,16-7-23,,,No,1381,1204-Owner-v,16-7-23,,CDW,16-7-26,,,,16-7-26,,,,complete,100%
1204-00-IN-TBA-624,00,TECHNICAL BID ANALYSIS FOR ELECTRONIC TRANSMITTERS,,DE,IFE,,IN,PS-OT-T-0592,18-4-19,,,No,746,1204-Owner-v,18-4-23,,TBA,18-4-29,,,,18-4-29,18-5-5,MT-PS-9609-CS-062,,complete,100%
1204-00-PI-APL-1200,00,PIPING PLAN AREA-12,,DE,IFR,,PI,PS-OT-T-0175,16-1-6,,,No,1580,1204-Owner-v,16-1-7,,CDW,20-5-25,,,20-5-25,16-1-16,16-5-7,MT-PS-9301-CS-144,,InProgress,80%
1204-22-PR-DSH-139,00,Process Instrument Data Sheet for Pressure Transmitters,,BE,IFR,,PR,TM-OT-9001-T-0136,12-7-24,,,No,2841,1204-Owner-v,15-9-16,,DSH,19-10-1,,,20-11-20,12-7-24,,,,InProgress,80%
1204-62-PR-LST-002,00,LINE LIST FOR INSTRUMENT AIR / PLANT AIR SYSTEM,,BE,IFR,,PR,TM-OT-9001-T-0297,13-7-3,,,No,2497,1204-TKT-COLANGELI,13-7-2,,LIST,20-4-2,,,20-5-6,13-7-3,,,,InProgress,90%
1204-00-ST-DWG-025,02,PIPE RACK ZONE 3 / CONCRETE STRUCTURE ( R.C. DETAILS I ),,DE,IFC,,ST,PS-OT-T-0032,15-5-4,,,No,1827,1204-Owner-v,15-5-5,,CDW,15-5-4,,,,15-5-4,,,,complete,100%
1204-00-ST-DWG-074,03,PIPE RACK ZONE 11 / CONCRETE STRUCTURE ( R.C. DETAILS II ),,DE,IFC,,ST,PS-OT-T-0411,17-1-21,,,No,1199,1204-Owner-v,17-1-22,,CDW,17-1-23,,,,17-1-23,,,,complete,100%
1204-00-IN-REQ-634,00,REQUISITION FOR RADAR TYPE LEVEL TRANSMITTERS,,DE,IFI,,IN,PS-OT-T-0396,17-1-7,,,No,1213,1204-Owner-v,17-1-11,,REQ,20-2-18,,,20-3-2,17-1-31,17-2-15,MT-PS-9301-CS-207-1,,InProgress,90%
1204-00-PI-PPL-002,00,PLOT PLAN UNIT 100,,DE,IFR,,PI,PS-OT-T-0426,17-3-5,,,No,1156,1204-Owner-v,17-3-7,,CDW,20-6-1,,,20-6-1,17-3-14,17-3-12,MT-PS-9301-CS-219-R,,InProgress,80%
1204-22-PR-PID-221,00,Piping & Instrumentation Flow Diagram for Machinery Cooling Water System,,BE,IFR,,PR,TM-OT-9001-T-0049,12-3-28,,,No,2959,1204-Owner-v,15-9-16,,EDW,20-5-1,,20-5-30,20-6-30,12-3-28,,,,InProgress,80%
1204-40-PR-PID-404,02,PIPING & INSTRUMENTATION DIAGRAM UNIT 400- MP / LP DITRIBUTION,,DE,IFC-WH,,PR,PS-OT-T-0664,18-8-11,,,No,632,1204-Owner-v,18-8-16,,EDW,20-7-15,,,20-7-15,18-8-15,,,,InProgress,90%
1204-62-PR-DIG-001,00,CAUSE AND EFFECT DIAGRAM FOR INSTRUMENT AIR / PLANT AIR SYSTEM,,BE,IFR,,PR,TM-OT-9001-T-0310,13-8-6,,,No,2463,1204-TKT-COLANGELI,13-8-6,,LIST,20-3-31,,,20-5-6,13-8-6,,,,InProgress,90%
1204-64-PR-PID-641,02,PIPING & INSTRUMENTATION DIAGRAM FOR WATER POLISHING SYSTEM (1 OF 3),,DE,IFR,,PR,PS-OT-T-0417,17-2-11,,,No,1178,1204-Owner-v,17-2-19,,EDW,17-2-23,,,,17-2-23,17-2-25,MT-PS-9301-CS-215,,complete,100%
1204-00-ST-DWG-010,01,PIPE RACK ZONE 1 / FDN. (G.A. & R.C.),,DE,IFC,,ST,TM-OT-9001-T-0402,14-10-30,,,No,2013,1204-TKT-COLANGELI,14-10-29,,CDW,14-10-30,,,,14-10-30,14-11-11,MT-TM-9301-CS-006,,complete,100%
1204-10-ST-DWG-112,01,"STRUCTURE ""K"" FOR E-1001 / FDN. & STRUCTURE (PLAN & SECTIONS & DETS.)",,DE,IFC,,ST,PS-OT-T-0354,16-10-26,,,No,1286,1204-Owner-v,16-10-29,,CDW,16-10-26,,,,16-10-26,,,,complete,100%
1204-22-ST-DWG-659,01,D-2201 / FDN. (G.A. & R.C.),,DE,IFC,,ST,PS-OT-T-0238,16-4-13,,,No,1482,1204-Owner-v,16-4-16,,CDW,16-4-13,,,,16-4-13,16-4-19,MT-PS-9301-CS-135,,complete,100%
1204-02-EL-DWG-001,01,POWER LAYOUT - AREA 02,,DE,IFR,,EL,PS-OT-T-0114,15-10-10,16-1-14,,Yes,82,1204-Owner-v,15-10-10,,CDW,20-6-30,,,20-6-30,,15-11-19,MT-PS-9301-CS-042,,InProgress,80%
1204-90-EL-DWG-310,01,RESTAURANT BUILDING LIGHTING AND SMALL POWER LAYOUT,,DE,IFC,,EL,TM-OT-9001-T-0349,14-1-23,,,No,2293,1204-TKT-COLANGELI,14-1-23,,CDW,21-4-15,,,21-4-15,,,,,complete,100%
1204-00-HS-DIG-001,00,CAUSE AND EFFECT DIAGRAM FOR PROCESS AND UTILITY OFFSITE UNITS,,DE,IFR,,HSE,PS-OT-T-0711,18-11-4,,,No,547,1204-Owner-v,18-11-6,,LIST,19-10-22,,,20-8-1,,,,,InProgress,90%
1204-00-HV-CSS-782,01,CONSTRUCTION STANDARD SPECIFICATION FOR DUCTS AND ACCESSORIES,,DE,IFE,,HV,TM-OT-9001-T-0422,14-12-11,,,No,1971,1204-TKT-COLANGELI,14-12-10,,SPEC,14-12-11,,,,14-12-11,,,,complete,100%
1204-00-HV-TBA-791,00,TECHNICAL BID ANALYSIS FOR EXPLOSION PROTECTION VALVES,,DE,IFE,,HV,TM-OT-9001-T-0378,14-6-11,,,No,2154,1204-TKT-COLANGELI,14-6-11,,TBA,14-6-11,,,,14-6-11,,,,complete,100%
1204-00-IN-REQ-627,00,REQUISITION FOR INSTRUMENT JUNCTION BOXES & CABLE GLANDS,,DE,IFI,,IN,PS-OT-T-0881,20-2-6,,,No,88,1204-Owner-v,20-2-8,,REQ,20-6-9,,,20-6-15,,20-2-27,MT-PS-9609-CS-0272,,InProgress,90%
1204-00-PV-REQ-214B,00,REQUISITION FOR TANK SEALING SYSTEM,,DE,IFI,,MD,TM-OT-9001-T-0420,14-12-10,,,No,1972,1204-TKT-COLANGELI,14-12-10,,REQ,20-4-15,,,20-4-28,14-12-10,,,,InProgress,90%
1204-00-PI-ISO-7000,01,U/G ISOMETRIC DRAWING OF AREA-70,,DE,IFC-WH,,PI,PS-OT-T-0621,18-5-30,,,No,705,1204-Owner-v,18-6-2,,CDW,20-6-30,,,20-6-30,18-6-2,18-6-2,MT-PS-9609-CS-079,,InProgress,90%
1204-00-PI-MTO-401A,03,MATERIAL TAKE OFF FOR   PIPES & FITTINGS  ABOVE GROUND (MTO I),,DE,IFE,,PI,PS-OT-T-0469,17-8-26,,,No,982,1204-Owner-v,17-8-27,,LIST,17-8-30,,,,17-8-30,17-10-23,MT-PS-9301-CS-259,,complete,100%
1204-00-EL-SCH-502,02,"6KV SWITCHGEAR SCHEDULE  (MS-SWB2A,B-01)",,DE,IFR,,EL,PS-OT-T-0555,18-2-13,18-2-25,,Yes,-2,1204-Owner-v,18-2-17,,LIST,20-5-11,,,20-5-11,18-2-21,18-2-27,MT-PS-9609-CS-034-R,,InProgress,90%
1204-01-EL-DWG-001,01,POWER LAYOUT - AREA 01,,DE,IFR,,EL,PS-OT-T-0737,18-12-22,,,No,499,1204-Owner-v,18-12-23,,CDW,20-6-10,,,20-6-10,,,,,InProgress,80%
1204-90-EL-DWG-821,01,GUARD HOUSE LIGHTNING PROTECTION LAYOUT,,DE,IFC,,EL,TM-OT-9001-T-0349,14-1-23,,,No,2293,1204-TKT-COLANGELI,14-1-23,,CDW,14-1-23,,,,14-1-23,,,,complete,100%
1204-90-EL-SLD-036,01,CONTROL ROOM NORMAL LIGHTING PANEL ONE LINE DIAGRAM,,DE,IFC,,EL,TM-OT-9001-T-0349,14-1-23,15-3-3,,Yes,390,1204-TKT-COLANGELI,14-1-23,,CDW,14-1-23,,,,14-1-23,,,,complete,100%
1204-83-HS-PID-830,03,PIPING AND INSTRUMENTATION DIAGRAM FOR FLARE UNIT,,DE,IFC-WH,,HSE,PS-OT-T-0643,18-7-8,,,No,666,1204-Owner-v,18-7-10,,EDW,19-10-1,,,20-7-30,18-8-6,18-7-10,MT-PS-9609-CS-097,,InProgress,90%
1204-00-HV-REQ-792,00,REQUISITION FOR DUCT ACCESSORIES,,DE,IFI,,HV,PS-OT-T-0109,15-10-6,,,No,1672,1204-Owner-v,15-10-7,,REQ,15-10-10,,,,15-10-10,,,,InProgress,90%
1204-00-IN-DSH-604,03,DATA SHEET FOR ON / OFF VALVES,,DE,IFR,,IN,PS-OT-T-0921,20-2-27,,,No,67,1204-Owner-v,20-2-29,,DSH,20-8-10,,,20-8-10,,20-3-14,MT-PS-9609-CS-0312,,InProgress,80%
1204-00-IN-DSH-648,01,DATA SHEET FOR ULTRASONIC LEVEL INSTRUMENTS,,DE,IFR,,IN,PS-OT-T-0546,18-2-3,,,No,821,1204-Owner-v,18-2-4,,DSH,20-8-10,,,20-8-10,,,,,InProgress,80%
1204-00-IN-SKT-005,01,INSTRUMENT/ ELECTRICAL CONNECTION DETAILS,,DE,IFC,,IN,PS-OT-T-0244,16-4-17,,,No,1478,1204-Owner-v,16-4-18,,CDW,16-4-17,,,,16-4-17,,,,complete,100%
1204-00-PR-PID-010,01,PIPING & INSTRUMENTATION DIAGRAM FOR NUMBERING PROCEDURE II,,DE,IFR,,PR,PS-OT-T-365,16-11-13,,,No,1268,1204-Owner-v,16-11-16,,EDW,20-8-1,,,20-10-20,17-4-16,17-5-20,MT-PS-9301-CS-201-R,,InProgress,80%
1204-22-PR-DSH-134,00,Process Instrument Data Sheet for Analyzers,,BE,IFR,,PR,TM-OT-9001-T-0134,12-7-13,,,No,2852,1204-Owner-v,15-9-16,,DSH,19-10-1,,,20-11-20,12-7-13,,,,InProgress,80%
1204-00-EL-SCH-001,01,ELECTRICAL LOAD SCHEDULE,,DE,IFR,,EL,TM-OT-9001-T-0403,14-10-30,15-8-12,,Yes,272,1204-TKT-COLANGELI,14-10-30,,LIST,20-5-8,,,20-5-8,,,,,InProgress,90%
1204-00-EL-SCH-018,00,MOTOR & HEATER CONTROL PHILOSOPHY,,DE,IFR,,EL,TM-OT-9001-T-0344,14-1-7,,,No,2309,1204-TKT-COLANGELI,14-1-7,,LIST,20-5-13,,,20-5-13,14-1-7,,,,InProgress,90%
1204-00-EL-SLD-005,01,"SINGLE LINE DIAGRAM FOR 400V SWITCHGEAR - MS-SWB3A,B-03",,DE,IFR,,EL,PS-OT-T-0523,17-12-25,18-6-30,,Yes,173,1204-Owner-v,17-12-30,,CDW,20-9-30,,,20-9-30,18-1-20,18-5-31,MT-PS-9609-CS-008-R,,InProgress,80%
1204-04-EL-DWG-030,00,COMMUNICATION AND CCTV LAYOUT AREA 04,,DE,IFR,,EL,PS-OT-T-537,18-1-20,,,No,835,1204-Owner-v,18-1-24,,CDW,20-7-20,,,20-7-20,18-1-21,18-2-3,MT-PS-9609-CS-022,,InProgress,80%
1204-90-EL-DWG-830,01,GUARD HOUSE COMMUNICATION LAYOUT,,DE,IFC,,EL,TM-OT-9001-T-0351,14-1-29,15-3-3,,Yes,384,1204-TKT-COLANGELI,14-1-29,,CDW,14-1-29,,,,14-1-29,,,,complete,100%
1204-00-HS-DWG-004,03,"FIRE AND GAS ALARM LAYOUT FOR PROCESS, UTILITY AND OFFSITE UNITS",,DE,IFC-WH,,HSE,PS-OT-T-0712,18-11-4,,,No,547,1204-Owner-v,18-11-6,,EDW,20-6-1,,,20-6-1,,,,,complete,100%
1204-84-HS-DSH-003,01,DATA SHEET FOR POC WATER PUMP P-8401 A/B,,DE,IFR,,HSE,PS-OT-T-0685,18-9-24,,,No,588,1204-Owner-v,18-10-6,,DSH,19-10-12,,,20-10-10,,,,,InProgress,80%
1204-00-IN-SKT-003,00,INSTRUMENT PROCESS HOOK UP’S,,DE,IFR,,IN,PS-OT-T-0018,15-4-8,,,No,1853,1204-Owner-v,15-4-11,,CDW,15-4-4,,,,15-4-4,15-5-4,MT-TM-9301-CS-048,,InProgress,80%
1204-00-PI-REQ-410A,00,REQUISITION FOR C.S ELECTRODE & WELDING ROD(MTO I),,DE,IFI,,PI,PS-OT-T-0303,16-7-10,,,No,1394,1204-Owner-v,16-7-12,,REQ,20-2-12,,,20-2-18,16-7-16,,,,InProgress,90%
1204-00-IN-REQ-636,00,REQUISITION FOR N2 BLANKETING SYSTEM,,DE,IFI,,IN,PS-OT-T-0539,18-1-20,,,No,835,1204-Owner-v,18-1-21,,REQ,20-6-23,,,20-7-6,18-1-21,18-1-28,MT-PS-9609-CS-017,,InProgress,90%
1204-00-IN-TBA-606,01,TECHNICAL BID ANALYSIS FOR PRESSURE SAFETY/RELIEF VALVES,,DE,IFE,,IN,PS-OT-T-0968,20-5-13,,,No,-9,1204-Owner-v,20-5-16,,TBA,19-10-21,,,19-11-8,17-12-19,17-12-20,MT-PS-9301-CS-268-1,,complete,100%
1204-00-PV-REQ-203,01,REQUISITION FOR DEARATOR,,DE,IFP,,MD,PS-OT-T-0168,16-1-3,,,No,1583,1204-Owner-v,16-1-6,,REQ,16-1-3,,,,16-1-3,16-2-17,MT-PS-9301-CS-108,,complete,100%
1204-00-PV-TBA-203,01,TECHNICAL BID ANALYSIS FOR DEARATOR,,DE,IFE,,MD,PS-OT-T-0135,15-11-18,,,No,1629,1204-Owner-v,15-11-21,,TBA,15-11-19,,,,15-11-19,16-1-12,MT-PS-9301-CS-085,,complete,100%
1204-00-PI-ISO-1500,00,A/G ISOMETRIC DRAWING OF AREA-15,,DE,IFR,,PI,PS-OT-T-0172,16-1-4,,,No,1582,1204-Owner-v,16-1-6,,CDW,19-12-13,,,20-5-28,16-1-9,16-5-7,MT-PS-9301-CS-143,,InProgress,80%
1204-20-PR-TBA-105,02,TECHNICAL BID ANALYSIS FOR HYDROGEN RECOVERY UNIT (HRU),,DE,IFE,,PR,PS-OT-T-0036,15-5-11,,,No,1820,1204-Owner-v,15-5-11,,TBA,15-5-11,,,,15-5-11,15-5-27,MT-TM-9301-CS-053,,complete,100%
1204-40-PR-PID-405,02,PIPING & INSTRUMENTATION DIAGRAM UNIT 400- PROCESS CONDENSATE STRIPPING,,DE,IFC-WH,,PR,PS-OT-T-0664,18-8-11,,,No,632,1204-Owner-v,18-8-16,,EDW,20-7-15,,,20-7-15,18-8-15,,,,InProgress,90%
1204-61-PR-PID-611,01,PIPING & INSTRUMENTATION FLOW DIAGRAM FOR AIR SEPARATION UNIT (ASU) (PU-6101),,BE/DE,IFR,,PR,PS-OT-T-0088,15-8-8,,,No,1731,1204-Owner-v,15-8-15,,EDW,20-5-1,,20-5-30,20-6-30,,,,,InProgress,80%
1204-72-PR-DIG-001,00,CAUSE AND EFFECT DIAGRAM FOR CRUDE METHANOL STORAGE TANK,,BE,IFR,,PR,TM-OT-9001-T-0310,13-8-6,,,No,2463,1204-TKT-COLANGELI,13-8-6,,LIST,20-4-2,,,20-5-6,13-8-6,,,,InProgress,90%
1204-00-PI-TBA-405A,00,TECHNICAL BID ANALYSIS FOR BOLTS & NUTS(MTO I),,DE,IFE,,PI,PS-OT-T-0935,20-3-14,,,No,51,1204-Owner-v,20-3-15,,TBA,19-10-31,,,19-11-1,,,,,complete,100%
1204-00-ST-DWG-018,04,PIPE RACK ZONE 2 / CONCRETE STRUCTURE ( G.A. PLANS & DETAILS ),,DE,IFC,,ST,PS-OT-T-0119,15-10-17,,,No,1661,1204-Owner-v,15-10-18,,CDW,15-10-28,,,,15-10-28,15-10-25,MT-PS-9301-CS-026,,complete,100%
1204-00-ST-DWG-048,04,PIPE RACK ZONE 7 / CONCRETE STRUCTURE ( G.A. PLANS & DETAILS ),,DE,IFC,,ST,PS-OT-T-0183,16-1-12,,,No,1574,1204-Owner-v,16-1-16,,CDW,16-1-19,,,,16-1-19,,,,complete,100%
1204-10-ST-DWG-105,01,D-1002 / FDN. (G.A. & R.C.),,DE,IFC,,ST,PS-OT-T-0302,16-7-4,,,No,1400,1204-Owner-v,16-7-5,,CDW,16-7-4,,,,16-7-4,16-7-4,MT-PS-9301-CS-174,,complete,100%
1204-22-ST-DWG-666,01,TK-2201 / FDN. (G.A. & R.C.),,DE,IFC,,ST,TM-OT-9001-T-0388,14-8-4,,,No,2100,1204-TKT-COLANGELI,14-8-4,,CDW,14-8-4,,,,14-8-4,14-8-3,MT-OT-9301-CS-016,,complete,100%
1204-00-HS-DSH-020,00,DATA SHEET FOR GAS DETECTORS,,DE,IFR,,HSE,TM-OT-9001-T-0412,14-11-24,,,No,1988,1204-TKT-COLANGELI,14-11-24,,DSH,19-10-12,,,20-10-10,14-11-24,,,,InProgress,80%
1204-00-HV-MTO-793,01,MATERIAL TAKE OFF FOR HVAC BULK ITEMS,,DE,IFE,,HV,PS-OT-T-0259,16-5-10,,,No,1455,1204-Owner-v,16-5-14,,LIST,16-5-10,,,,16-5-10,,,,complete,100%
1204-00-IN-DWG-005,01,OVERALL CABLE ROUTING LAYOUT,,DE,IFR,,IN,PS-OT-T-0052,15-5-26,,,No,1805,1204-Owner-v,15-5-27,,CDW,20-10-10,,,20-10-10,,,,,InProgress,80%
1204-00-IN-REQ-625,00,REQUISITION FOR TEMP. ELEMENTS / TRANSMITTERS & THERMOWELLS,,DE,IFI,,IN,PS-OT-T-0521,17-12-19,,,No,867,1204-Owner-v,17-12-19,,REQ,20-2-18,,,20-3-2,,18-1-3,MT-PS-9301-CS-275-R,,InProgress,90%
1204-00-ST-CSS-750,01,CONSTRUCTION STANDARD SPECIFICATION FOR FINISHING OF BUILDINGS,,DE,IFC,,ST,TM-OT-9001-T-0442,15-2-20,,,No,1900,1204-TKT-COLANGELI,15-2-20,,SPEC,15-2-20,,,,15-2-20,,,,complete,100%
1204-63-PR-DSH-105,03,DATA SHEET FOR CORROSION INHIBITOR INJECTION PACKAGE (PU-6302),,BE,IFE,,PR,PS-OT-T-0292,16-6-19,,,No,1415,1204-Owner-v,16-6-20,,DSH,16-6-26,,,,16-6-26,16-7-2,MT-PS-9301-CS-171,,complete,100%
1204-00-EL-DWG-008,01,OVERALL COMMUNICATION LAYOUT,,DE,IFR,,EL,TM-OT-9001-T-0331,13-10-29,,,No,2379,1204-TKT-COLANGELI,13-10-28,,CDW,20-8-30,,,20-8-30,,,,,InProgress,80%
1204-00-EL-SLD-006,01,"SINGLE LINE DIAGRAM FOR 400V SWITCHGEAR - MS-SWB3A,B-04",,DE,IFR,,EL,PS-OT-T-0523,17-12-25,18-6-30,,Yes,173,1204-Owner-v,17-12-30,,CDW,20-9-30,,,20-9-30,18-1-20,18-5-31,MT-PS-9609-CS-008-R,,InProgress,80%
1204-03-EL-DWG-001,01,POWER LAYOUT - AREA 03,,DE,IFR,,EL,PS-OT-T-0115,15-10-10,16-1-14,,Yes,82,1204-Owner-v,15-10-10,,CDW,20-7-15,,,20-7-15,,15-11-19,MT-PS-9301-CS-043,,InProgress,80%
1204-06-EL-DWG-020,01,EARTHING LAYOUT - AREA 06,,DE,IFR,,EL,PS-OT-T-0139,15-11-29,16-7-24,,Yes,224,1204-Owner-v,15-12-5,,CDW,20-8-20,,,20-8-20,,15-12-26,MT-PS-9301-CS-066,,InProgress,80%
1204-07-EL-DWG-030,00,COMMUNICATION AND CCTV LAYOUT AREA 07,,DE,IFR,,EL,PS-OT-T-0185,16-1-18,16-7-24,,Yes,174,1204-Owner-v,16-1-19,,CDW,20-8-30,,,20-8-30,16-1-24,16-1-25,MT-PS-9301-CS-095,,InProgress,80%
1204-90-EL-SLD-031,00,"MAIN EMERGENCY DISTRIBUTION PANEL SINGLE LINE DIAGRAM, MS-EDP-01",,DE,IFR,,EL,PS-OT-T-0231,13-4-6,16-7-21,,Yes,1188,1204-Owner-v,16-4-7,,CDW,20-9-30,,,20-9-30,16-4-16,16-4-18,MT-PS-9301-CS-131,,InProgress,80%
1204-00-HS-DSH-021,00,DATA SHEET FOR MANUAL CALL POINTS,,DE,IFR,,HSE,TM-OT-9001-T-0412,14-11-24,,,No,1988,1204-TKT-COLANGELI,14-11-24,,DSH,19-10-12,,,20-10-10,14-11-24,,,,InProgress,80%
1204-00-HV-ESS-780,01,ENGINEERING STANDARD SPECIFICATION FOR HVAC DESIGN CRITERIA,,DE,IFE,,HV,PS-OT-T-0559,18-2-19,,,No,805,1204-Owner-v,18-2-21,,SPEC,18-3-15,,,,18-3-15,18-5-1,MT-PS-9609-CS-039-1-R,,complete,100%
1204-90-EL-SLD-038,01,LABORATORY NORMAL LIGHTING PANEL ONE LINE DIAGRAM,,DE,IFC,,EL,TM-OT-9001-T-0349,14-1-23,15-3-3,,Yes,390,1204-TKT-COLANGELI,14-1-23,,CDW,14-1-23,,,,14-1-23,,,,complete,100%
1204-00-HS-DSH-001,00,DATA SHEET FOR HYDRANT,,DE,IFR,,HSE,TM-OT-9001-T-0342,13-12-18,,,No,2329,1204-TKT-COLANGELI,13-12-18,,DSH,19-10-12,,,20-10-10,13-12-18,,,,InProgress,80%
1204-00-HS-DSH-003,00,DATA SHEET FOR FOAM/WATER MONITOR,,DE,IFR,,HSE,PS-OT-T-0738,18-12-22,,,No,499,1204-Owner-v,18-12-23,,DSH,19-10-12,,,20-10-10,,,,,InProgress,80%
1204-00-IN-REQ-624,01,REQUISITION FOR ELECTRONIC TRANSMITTERS,,DE,IFP,,IN,PS-OT-T-0940,20-3-14,,,No,51,1204-Owner-v,20-3-15,,REQ,20-3-14,,,,20-3-14,20-3-25,MT-PS-9609-CS-0321,,complete,100%
1204-00-PV-REQ-213A,01,REQUISITION FOR CARBON STEEL STORAGE TANKS,,DE,IFP,,MD,TM-OT-9001-T-0445,15-3-4,,,No,1888,1204-TKT-COLANGELI,15-3-4,,REQ,15-3-4,,,,15-3-4,,,,complete,100%
1204-00-PV-TBA-210,01,TECHNICAL BID ANALYSIS FOR FLARE STACK,,DE,IFE,,MD,PS-OT-T-0923,20-3-2,,,No,63,1204-Owner-v,20-3-3,,TBA,20-3-2,,,,20-3-2,20-3-11,MT-PS-9609-CS-0310,,complete,100%
1204-00-PI-TBA-402A,01,TECHNICAL BID ANALYSIS FOR A/G FLANGES(MTO I),,DE,IFE,,PI,PS-OT-T-0445,17-4-29,,,No,1101,1204-Owner-v,17-5-6,,TBA,17-4-29,,,,17-4-29,17-7-2,MT-PS-9301-CS-228,,complete,100%
1204-00-PR-PID-008,01,PIPING & INSTRUMENTATION DIAGRAM FOR ABBREVIATIONS,,DE,IFR,,PR,PS-OT-T-365,16-11-13,,,No,1268,1204-Owner-v,16-11-16,,EDW,20-8-1,,,20-10-20,17-4-16,17-5-20,MT-PS-9301-CS-201-R,,InProgress,80%
1204-63-PR-DSH-136,00,Process Instrument Data Sheet for Level Transmitters,,BE,IFR,,PR,TM-OT-9001-T-0136,12-7-24,,,No,2841,1204-Owner-v,15-9-16,,DSH,19-10-1,,,20-12-30,12-7-24,,,,InProgress,80%
1204-90-EL-DWG-630,01,FIRE STATION COMMUNICATION LAYOUT,,DE,IFC,,EL,TM-OT-9001-T-0351,14-1-29,15-3-3,,Yes,384,1204-TKT-COLANGELI,14-1-29,,CDW,14-1-29,,,,14-1-29,,,,complete,100%
1204-90-EL-SLD-043,01,CLINIC EMERGENCY LIGHTING PANEL ONE LINE DIAGRAM,,DE,IFC,,EL,TM-OT-9001-T-0349,14-1-23,,,No,2293,1204-TKT-COLANGELI,14-1-23,,CDW,14-1-23,,,,14-1-23,,,,complete,100%
1204-00-HS-DSH-011,00,DATA SHEET FOR PORTABLE DRY POWDER EXTINGUISHER,,DE,IFR,,HSE,TM-OT-9001-T-0342,13-12-18,,,No,2329,1204-TKT-COLANGELI,13-12-18,,DSH,19-10-12,,,20-10-10,13-12-18,,,,InProgress,80%
1204-83-HS-LST-002,00,LINE LIST FOR FLARE UNIT,,DE,IFR,,HSE,TM-OT-9001-T-0326,13-9-30,,,No,2408,1204-TKT-COLANGELI,13-9-30,,LIST,19-10-1,19-11-22,,20-7-15,13-9-30,,,,InProgress,90%
1204-84-HS-PFD-840,01,PROCESS FLOW DIAGRAM FOR OILY WATER TREATMENT SYSTEM,,DE,IFR,,HSE,PS-OT-T-0696,18-10-6,,,No,576,1204-Owner-v,18-10-13,,EDW,19-10-1,,,20-7-30,,,,,InProgress,80%
1204-84-HS-PFD-841,02,PROCESS FLOW DIAGRAM FOR SANITARY / LABORATORY WATER COLLECTION SYSTEM,,DE,IFR,,HSE,PS-OT-T-0851,19-12-24,,,No,132,1204-Owner-v,19-12-30,,EDW,19-10-1,,,20-7-30,,,MT-PS-9301-CS-0248,,InProgress,80%
1204-10-PR-PID-112,01,PIPING & INSTRUMENTATION DIAGRAM UNIT 100- FUEL GAS DISTRRIBUTION TO POST-BURNERS,,DE,IFR,,PR,PS-OT-T-363,16-11-13,,,No,1268,1204-Owner-v,16-11-16,,EDW,20-6-1,,,20-6-1,17-4-1,17-5-20,MT-PS-9301-CS-200-R,,InProgress,80%
1204-10-PR-PID-113,01,PIPING & INSTRUMENTATION DIAGRAM UNIT 100- ATR OXYGEN FEED & PROCESS STEAM,,DE,IFR,,PR,PS-OT-T-363,16-11-13,,,No,1268,1204-Owner-v,16-11-16,,EDW,20-6-1,,,20-6-1,17-4-1,17-5-20,MT-PS-9301-CS-200-R,,InProgress,80%
1204-71-PR-PID-712,03,PIPING & INSTRUMENTATION DIAGRAM FOR DAILY METHANOL STORAGE TANK B,,BE/DE,IFC-WH,,PR,PS-OT-T-0652,18-7-23,,,No,651,1204-Owner-v,18-7-29,,EDW,20-5-1,,,20-6-30,18-8-2,18-8-13,MT-PS-9609-CS-109,,complete,100%
1204-00-ST-REQ-740A,01,REQUISITION FOR FABRICATION & SUPPLY OF STEEL STRUCTURES (PART A),,DE,IFI,,ST,PS-OT-T-0269,16-5-25,,,No,1440,1204-Owner-v,16-5-25,,REQ,16-5-25,,,,,,,,complete,100%
1204-00-PV-REQ-206B,01,REQUISITION FOR SPECIAL COLUMNS (GROUP II),,DE,IFP,,MD,PS-OT-T-0105,15-9-23,,,No,1685,1204-Owner-v,15-9-28,,REQ,15-9-23,,,,15-9-23,15-11-19,,,complete,100%
1204-00-PI-TBA-403A,01,TECHNICAL BID ANALYSIS FOR A/G GASKETS(MTO I),,DE,IFE,,PI,PS-OT-T-0403,17-1-15,,,No,1205,1204-Owner-v,17-2-6,,TBA,17-1-15,,,,17-1-15,17-2-6,MT-PS-9301-CS-211,,complete,100%
1204-22-PR-DSH-140,00,Process Instrument Data Sheet for Temperature Gauges,,BE,IFR,,PR,TM-OT-9001-T-0134,12-7-13,,,No,2852,1204-Owner-v,15-9-16,,DSH,19-10-1,,,20-11-20,12-7-13,,,,InProgress,80%
1204-00-ST-DWG-032,01,PIPE RACK ZONE 4 / CONCRETE STRUCTURE ( R.C. DETAILS II ),,DE,IFC,,ST,PS-OT-T-0029,15-4-29,,,No,1832,1204-Owner-v,15-8-9,,CDW,15-4-29,,,,15-4-29,,,,complete,100%
1204-90-ST-DWG-923,03,CONTROL ROOM & LABORATORY / BLOCK & JOIST,,DE,IFC,,ST,TM-OT-9001-T-0377,14-6-11,,,No,2154,1204-TKT-COLANGELI,14-6-11,,CDW,14-6-11,,,,14-6-11,14-7-12,MT-OT-9301-CS-012,,complete,100%
1204-90-ST-MTO-1026,01,MATERIAL TAKE OFF FOR WORK SHOP / ARCHITECTURAL,,DE,IFE,,ST,TM-OT-9001-T-0408,14-11-6,,,No,2006,1204-TKT-COLANGELI,14-11-6,,LIST,14-11-6,,,,14-11-6,14-12-30,MT-TM-9301-CS-027,,complete,100%
1204-72-PV-DSH-203,02,MECHANICAL DATA SHEET FOR CRUDE METHANOL STORAGE TANK (TK-7201),,DE,IFE,,MD,TM-OT-9001-T-0445,15-3-4,,,No,1888,1204-TKT-COLANGELI,15-3-4,,DSH,15-3-4,,,,15-3-4,,,,complete,100%
1204-90-IN-DWG-002,01,CONTROL ROOM EQUIPMENT LAYOUT,,DE,IFR,,IN,PS-OT-T-479,17-9-3,,,No,974,1204-Owner-v,17-9-4,,CDW,20-8-30,,,20-8-30,17-10-2,17-10-2,MT-PS-9301-CS-237-R,,InProgress,80%
1204-00-PV-TBA-206B,02,TECHNICAL BID ANALYSIS FOR SPECIAL COLUMNS (GROUP II),,DE,IFE,,MD,TM-OT-9001-T-0448,15-3-5,,,No,1887,1204-TKT-COLANGELI,15-3-4,,TBA,15-3-5,,,,15-3-5,,,,complete,100%
1204-00-PI-REQ-416A,00,REQUISITION FOR A.S & S.S ELECTRODE & WELDING ROD(MTO I),,DE,IFI,,PI,PS-OT-T-0303,16-7-10,,,No,1394,1204-Owner-v,16-7-12,,REQ,20-2-12,,,20-2-25,16-7-16,,,,InProgress,90%
1204-00-PI-UPL-8000,03,PAVING PLAN FOR PROCESS UNIT,,DE,IFC-WH,,PI,PS-OT-T-0776,19-4-13,,,No,387,1204-Owner-v,19-4-18,,CDW,19-4-21,,,,19-4-21,,,,complete,100%
1204-00-PR-PID-012,01,PIPING & INSTRUMENTATION DIAGRAM FOR BATTERY LIMITS II,,DE,IFR,,PR,PS-OT-T-365,16-11-13,,,No,1268,1204-Owner-v,16-11-16,,EDW,20-8-1,,,20-10-20,17-4-16,17-5-20,MT-PS-9301-CS-201-R,,InProgress,80%
1204-22-PR-LST-002,00,LINE LIST FOR MACHINERY COOLING WATER SYSTEM,,BE,IFR,,PR,TM-OT-9001-T-0297,13-7-3,,,No,2497,1204-TKT-COLANGELI,13-7-2,,LIST,20-3-27,,,20-5-6,13-7-3,,,,InProgress,90%
1204-30-PR-PID-301,02,PIPING & INSTRUMENTATION DIAGRAM UNIT 300-TOPPING COLUMN,,DE,IFC-WH,,PR,PS-OT-T-0641,18-7-7,,,No,667,1204-Owner-v,18-7-10,,EDW,20-6-15,,,20-6-15,,18-7-10,MT-PS-9609-CS-096,,InProgress,90%
1204-04-EL-DWG-001,01,POWER LAYOUT - AREA 04,,DE,IFR,,EL,PS-OT-T-0296,16-6-25,16-7-21,,Yes,12,1204-Owner-v,16-6-26,,CDW,20-7-20,,,20-7-20,,16-6-29,MT-PS-9301-CS-168,,InProgress,80%
1204-90-EL-DWG-430,01,CLINIC & TECHNICAL BUILDING COMMUNICATION LAYOUT,,DE,IFC,,EL,TM-OT-9001-T-0351,14-1-29,15-3-3,,Yes,384,1204-TKT-COLANGELI,14-1-29,,CDW,21-4-15,,,21-4-15,,,,,complete,100%
1204-90-EL-SLD-052,01,WAREHOUSE NORMAL LIGHTING PANEL ONE LINE DIAGRAM,,DE,IFC,,EL,TM-OT-9001-T-0349,14-1-23,,,No,2293,1204-TKT-COLANGELI,14-1-23,,CDW,14-1-23,,,,14-1-23,,,,complete,100%
1204-00-HS-DSH-017,00,DATA SHEET FOR SMOKE DETECTOR,,DE,IFR,,HSE,TM-OT-9001-T-0412,14-11-24,,,No,1988,1204-TKT-COLANGELI,14-11-24,,DSH,19-10-12,,,20-10-10,14-11-24,,,,InProgress,80%
1204-00-IN-REQ-605,02,REQUISITION FOR CONTROL VALVES,,DE,IFP,,IN,PS-OT-T-0912,20-2-24,,,No,70,1204-Owner-v,20-2-25,,REQ,20-2-24,,,,20-2-24,20-3-4,MT-PS-9609-CS-0299,,complete,100%
1204-00-PI-APL-1500,00,PIPING PLAN AREA-15,,DE,IFR,,PI,PS-OT-T-0172,16-1-4,,,No,1582,1204-Owner-v,16-1-6,,CDW,19-12-13,,,20-5-28,16-1-9,16-5-7,MT-PS-9301-CS-143,,InProgress,80%
1204-00-PI-MTO-409A,00,MATERIAL TAKE OFF FOR PAINT (MTO I),,DE,IFE,,PI,PS-OT-T-0771,19-3-18,,,No,413,1204-Owner-v,19-3-19,,LIST,19-4-4,,,,19-4-4,,,,complete,100%
1204-00-PI-REQ-411A,00,REQUISITION FOR HOSE & HOSE COUPLING(MTO I),,DE,IFI,,PI,PS-OT-T-0965,20-5-9,,,No,-5,1204-Owner-v,20-5-11,,REQ,20-2-12,,,20-2-25,,,,,InProgress,90%
1204-00-PR-PID-007,01,PIPING & INSTRUMENTATION DIAGRAM FOR TYPICAL FOR SAMPLING,,DE,IFR,,PR,PS-OT-T-365,16-11-13,,,No,1268,1204-Owner-v,16-11-16,,EDW,20-8-1,,,20-10-20,17-4-16,17-5-20,MT-PS-9301-CS-201-R,,InProgress,80%
1204-63-PR-DSH-135,00,Process Instrument Data Sheet for Level Gauges,,BE,IFR,,PR,TM-OT-9001-T-0136,12-7-24,,,No,2841,1204-Owner-v,15-9-16,,DSH,19-10-1,,,20-12-30,12-7-24,,,,InProgress,80%
1204-62-PR-PID-622,02,PIPING & INSTRUMENTATION DIAGRAM FOR INSTRUMENT AIR / PLANT AIR SYSTEM (2 OF 2),,DE,IFR,,PR,PS-OT-T-0417,17-2-11,,,No,1178,1204-Owner-v,17-2-19,,EDW,20-5-1,,20-5-30,20-6-30,17-2-23,17-2-25,MT-PS-9301-CS-215,,InProgress,80%
1204-63-PR-DSH-131,00,Process Instrument Data Sheet for Control Valves,,BE,IFR,,PR,TM-OT-9001-T-0136,12-7-24,,,No,2841,1204-Owner-v,15-9-16,,DSH,19-10-1,,,20-12-30,12-7-24,,,,InProgress,80%
1204-63-PR-DSH-133,00,Process Instrument Data Sheet for Safety Valves,,BE,IFR,,PR,TM-OT-9001-T-0136,12-7-24,,,No,2841,1204-Owner-v,15-9-16,,DSH,19-10-1,,,20-12-30,12-7-24,,,,InProgress,80%
1204-22-PV-DSH-210,01,MECHANICAL DATA SHEET FOR CORROSION INHIBITOR VESSEL (D-2201),,DE,IFE,,MD,TM-OT-9001-T-0149,12-9-5,,,No,2798,1204-Owner-v,14-9-30,,DSH,12-9-5,,,,12-9-5,,,,complete,100%
1204-90-ST-DWG-1021,01,WORK SHOP / FRAMES III,,DE,IFC,,ST,TM-OT-9001-T-0234,13-2-5,,,No,2645,1204-TKT-COLANGELI,13-2-5,,CDW,13-2-5,,,,13-2-5,,,,complete,100%
1204-90-ST-DWG-931,03,SUBSTATION / FDN. (R.C. DETAILS I ),,DE,IFC,,ST,TM-OT-9001-T-0369,14-5-23,,,No,2173,1204-TKT-COLANGELI,14-5-21,,CDW,14-5-23,,,,14-5-23,,,,complete,100%
1204-00-QC-SOI-203,00,SCOPE OF INSPECTION FOR DEAERATOR,,DE,IFR,,QC,PS-OT-T-9999,15-12-30,,,No,32633,,,,SCOPE,20-5-15,,,,,,,,InProgress,50%
1204-00-RE-REQ-326,00,REQUISITION FOR CRANES,,DE,IFI,,MC,PS-OT-T-0649,18-7-22,,,No,652,1204-Owner-v,18-7-24,,REQ,20-7-7,,,20-7-20,,18-8-5,MT-PS-9301-CS-100-R,,InProgress,90%
1204-90-ST-DWG-1055,00,"FIRE STATION / LINTEL , FINISHING & FALSE CEILING",,DE,IFR,,ST,TM-OT-9001-T-0200,12-11-5,,,No,2737,1204-Owner-v,15-9-16,,CDW,20-6-30,,,20-6-30,12-11-5,,,,InProgress,80%
1204-90-ST-DWG-1088,00,GUARD HOUSE / PLUMBING LAYOUT & DETAILS,,DE,IFR,,ST,TM-OT-9001-T-0421,14-12-10,,,No,1972,1204-TKT-COLANGELI,14-12-10,,CDW,20-3-30,,,20-3-30,14-12-10,14-12-30,MT-TM-9301-CS-030,,InProgress,80%
1204-40-RE-DSH-032,00,Data Sheet for Steam Turbine for MP Boiler Feed Water Pumps PT-4002 A,,DE,IFR,,MC,TM-OT-9001-T-0075,12-5-29,,,No,2897,1204-Owner-v,15-9-16,,DSH,12-5-29,,,,12-5-29,,,,InProgress,80%
1204-00-PR-UDD-018,02,UTILITY DISTRIBUTION DIAGRAM FOR CHEMICAL DRAIN RECOVERY SYSTEM,,DE,IFR,,PR,PS-OT-T-0416,17-2-11,,,No,1178,1204-Owner-v,17-2-19,,EDW,20-5-1,,,20-5-1,17-2-23,,,,InProgress,80%
1204-90-EL-DWG-111,02,CONTROL ROOM & LABORATORY BUILDING SMALL POWER LAYOUT,,DE,IFC,,EL,TM-OT-9001-T-0439,15-2-11,15-3-2,,Yes,5,1204-TKT-COLANGELI,15-2-10,,CDW,15-2-11,,,,15-2-11,,,,complete,100%
1204-90-ST-DWG-987,02,"ADMINISTRATION , RESTAURANT & CLINIC BUILDING / BEAMS (R.C. II)",,DE,IFC,,ST,TM-OT-9001-T-0341,13-12-18,,,No,2329,1204-TKT-COLANGELI,13-12-16,,CDW,13-12-18,,,,13-12-18,,,,complete,100%
1204-90-ST-DWG-947,02,SUBSTATION / SLABS (R.C. III),,DE,IFC,,ST,TM-OT-9001-T-0369,14-5-23,,,No,2173,1204-TKT-COLANGELI,14-5-22,,CDW,14-5-23,,,,14-5-23,,,,complete,100%
1204-00-QC-SOI-520,00,SCOPE OF INSPECTION FOR LIGHTING FIXTURES,,DE,IFI,,QC,PS-OT-T-9999,15-6-14,,,No,32633,,,,SCOPE,20-5-15,,,,,,,,complete,100%
1204-20-RE-DSH-029,00,Data Sheet for Steam Turbine for Converter BW Circulation Pumps PT-2002 A,,DE,IFR,,MC,TM-OT-9001-T-0075,12-5-29,,,No,2897,1204-Owner-v,15-9-16,,DSH,12-5-29,,,,12-5-29,,,,InProgress,80%
1204-00-EL-REQ-504,02,REQUISITION FOR POWER & DISTRIBUTION TRANSFORMER,,DE,IFP,,EL,PS-OT-T-0883,20-2-6,,,No,88,1204-Owner-v,20-2-8,,REQ,16-4-19,,,,16-4-19,20-3-9,MT-PS-9609-CS-0305,,complete,100%
1204-00-EL-REQ-510,01,REQUISITION FOR CATHODIC PROTECTION,,DE,IFP,,EL,PS-OT-T-0951,20-4-15,,,No,19,1204-Owner-v,20-4-18,,REQ,20-4-15,,,,20-4-15,,,,complete,100%
1204-00-EL-REQ-526,01,REQUISITION FOR JUNCTION BOXES,,DE,IFI,,EL,PS-OT-T-0906,20-2-23,,,No,71,1204-Owner-v,20-2-23,,REQ,20-5-14,,,20-5-20,,20-2-26,MT-PS-9609-CS-280,,InProgress,90%
1204-00-PV-REQ-205A,02,REQUISITION FOR PACKING & TRAYS & INTERNALS & DEMISTERS,,DE,IFP,,MD,TM-OT-9001-T-0389,14-8-13,,,No,2091,1204-TKT-COLANGELI,14-8-11,,REQ,14-8-13,,,,14-8-13,14-9-1,MT-OT-9301-CS-022,,complete,100%
1204-30-HM-DSH-237,00,MECHANICAL DATA SHEET FOR CRUDE PREHEATER (E-3001),,DE,IFR,,MD,TM-OT-9001-T-0333,13-11-6,,,No,2371,1204-TKT-COLANGELI,13-11-6,,DSH,13-11-6,,,,13-11-6,,,,complete,100%
1204-20-PR-PID-203,02,PIPING & INSTRUMENTATION DIAGRAM UNIT 200-SYNTHESIS GAS CIRCULATOR,,DE,IFC-WH,,PR,PS-OT-T-0659,18-8-5,,,No,638,1204-Owner-v,18-8-8,,EDW,20-6-15,,,20-6-15,18-8-9,,,,InProgress,90%
1204-30-PR-PID-303,02,PIPING & INSTRUMENTATION DIAGRAM UNIT 300-BFW PREHEATING SECTION,,DE,IFC-WH,,PR,PS-OT-T-0641,18-7-7,,,No,667,1204-Owner-v,18-7-10,,EDW,20-6-15,,,20-6-15,,18-7-10,MT-PS-9609-CS-096,,InProgress,90%
1204-00-ST-DWG-031,02,PIPE RACK ZONE 4 / CONCRETE STRUCTURE ( R.C. DETAILS I ),,DE,IFC,,ST,PS-OT-T-0029,15-4-29,,,No,1832,1204-Owner-v,15-8-9,,CDW,15-4-29,,,,15-4-29,,,,complete,100%
1204-10-ST-DWG-148,02,REFORMER (H-1001)  /  FDN. (R.C. & DETAILS I ),,DE,IFC,,ST,PS-OT-T-0672,18-8-28,,,No,615,1204-Owner-v,18-9-1,,CDW,18-9-3,,,,18-9-3,,,,complete,100%
1204-90-ST-DWG-974,03,"ADMINISTRATION , RESTAURANT & CLINIC & GUARD HOUSE BUILDING / SECTIONS",,DE,IFR,,ST,PS-OT-T-0863,20-1-2,,,No,123,1204-Owner-v,20-1-3,,CDW,20-3-30,,,20-3-30,,20-2-8,MT-PS-9609-CS-0266,,InProgress,80%
1204-22-PV-DSH-201,02,MECHANICAL DATA SHEET FOR MACHINERY COOLING WATER STORAGE TANK (TK-2201),,DE,IFE,,MD,TM-OT-9001-T-0445,15-3-4,,,No,1888,1204-TKT-COLANGELI,14-10-6,,DSH,15-3-4,,,,15-3-4,,,,complete,100%
1204-00-HV-SDG-786,01,STANDARD DRAWING FOR HVAC,,DE,IFC,,HV,TM-OT-9001-T-0422,14-12-11,,,No,1971,1204-TKT-COLANGELI,14-12-10,,SPEC,14-12-11,,,,14-12-11,,,,complete,100%
1204-20-ST-DWG-209,01,"STRUCTURE ""A"" & STRUCTURE ""M""    / COMBINED FDN.(R.C. & DETAILS I)",,DE,IFC,,ST,PS-OT-T-0691,18-9-29,,,No,583,1204-Owner-v,18-9-29,,CDW,18-9-29,,,,18-9-29,,,,complete,100%
1204-90-ST-DWG-910,02,"CONTROL ROOM & LABORATORY / LINTEL , FINISHING & FALSE CEILING",,DE,IFC-WH,,ST,TM-OT-9001-T-0390,14-8-13,,,No,2091,1204-TKT-COLANGELI,14-8-12,,CDW,14-8-13,,,,14-8-13,14-8-20,MT-OT-9301-CS-018,,complete,100%
1204-90-ST-DWG-933,01,SUBSTATION / FDN. (R.C. DETAILS III ),,DE,IFC,,ST,TM-OT-9001-T-0345,14-1-7,,,No,2309,1204-TKT-COLANGELI,14-1-7,,CDW,14-1-7,,,,14-1-7,,,,complete,100%
1204-62-PV-DSH-206,01,MECHANICAL DATA SHEET FOR PLANT/INSTRUMENT AIR RECEIVER (D-6201),,DE,IFE,,MD,TM-OT-9001-T-0149,12-9-5,,,No,2798,1204-Owner-v,15-9-16,,DSH,12-9-5,,,,12-9-5,,,,complete,100%
1204-00-QC-SOI-625,00,SCOPE OF INSPECTION FOR TEMP. ELEMENTS / TEMP. TRANSMITTER &TW,,DE,IFI,,QC,PS-OT-T-9999,15-6-14,,,No,32633,,,,SCOPE,20-5-15,,,,,,,,complete,100%
1204-90-ST-DWG-1052,02,FIRE STATION. / G.A & FURNITURE PLAN,,DE,IFC,,ST,TM-OT-9001-T-0196,12-10-30,,,No,2743,1204-Owner-v,15-8-26,,CDW,12-10-30,,,,12-10-30,,,,complete,100%
1204-90-ST-DWG-1083,02,GUARD HOUSE / ELEVATIONS,,DE,IFC,,ST,TM-OT-9001-T-0273,13-5-14,,,No,2547,1204-TKT-COLANGELI,13-5-14,,CDW,13-5-14,,,,13-5-14,,,,complete,100%
1204-90-ST-DWG-938,01,"SUBSTATION / FINISHING, LINTEL PLAN & DETAILS",,DE,IFC-WH,,ST,TM-OT-9001-T-0368,14-5-20,,,No,2176,1204-TKT-COLANGELI,14-5-20,,CDW,14-5-20,,,,14-5-20,,,,complete,100%
1204-90-ST-DWG-939,01,SUBSTATION / ROOF SLOPING PLAN & DETAILS,,DE,IFC,,ST,TM-OT-9001-T-0368,14-5-20,,,No,2176,1204-TKT-COLANGELI,14-5-20,,CDW,14-5-20,,,,14-5-20,,,,complete,100%
1204-90-ST-DWG-945,02,SUBSTATION / SLABS (R.C. I),,DE,IFC,,ST,TM-OT-9001-T-0369,14-5-23,,,No,2173,1204-TKT-COLANGELI,14-5-22,,CDW,14-5-23,,,,14-5-23,,,,complete,100%
1204-90-ST-DWG-1081,02,GUARD HOUSE /G.A. PLAN & FURNITURE,,DE,IFC,,ST,TM-OT-9001-T-0273,13-5-14,,,No,2547,1204-TKT-COLANGELI,13-5-14,,CDW,13-5-14,,,,13-5-14,,,,complete,100%
1204-00-EL-TBA-531,00,TECHNICAL BID ANALYSIS FOR CABLE TRAYS AND LADDERS,,DE,IFE,,EL,PS-OT-T-0908,20-2-23,,,No,71,1204-Owner-v,20-2-23,,TBA,20-1-31,,,20-2-6,,20-2-26,MT-PS-9609-CS-0281,,complete,100%
1204-00-IN-DWG-011,00,INSTRUMENT FIELD & CABLE LAYOUT (AREA 11),,DE,IFR,,IN,PS-OT-T-0167,15-12-30,,,No,1587,1204-Owner-v,16-1-2,,CDW,20-6-18,,,20-6-18,16-1-6,16-1-10,MT-PS-9301-CS-082,,InProgress,80%
1204-90-ST-DWG-992,01,"ADMINISTRATION , RESTAURANT & CLINIC BUILDING / INSERT PLATES",,DE,IFC,,ST,TM-OT-9001-T-0341,13-12-18,,,No,2329,1204-TKT-COLANGELI,13-12-16,,CDW,13-12-18,,,,13-12-18,,,,complete,100%
1204-00-EL-DSH-5022,00,"DATA SHEET FOR AUTO/MANUAL TRANSFER, 6KV SWITCHGEAR MS-SWB2A,B-01     ",,DE,IFR,,EL,TM-OT-9001-T-0247,13-3-25,,,No,2597,1204-Owner-v,15-9-14,,DSH,20-5-12,,,20-5-12,13-3-25,,,,InProgress,80%
1204-00-PI-REQ-401A,02,REQUISITION FOR A/G PIPES & FITTINGS(MTO I),,DE,IFP,,PI,PS-OT-T-0513,17-12-11,,,No,875,1204-Owner-v,17-12-16,,REQ,17-12-16,,,,17-12-16,18-1-8,MT-PS-9609-CS-004,,complete,100%
1204-22-PR-DSH-138,00,Process Instrument Data Sheet for Pressure Gauges,,BE,IFR,,PR,TM-OT-9001-T-0134,12-7-13,,,No,2852,1204-Owner-v,15-9-16,,DSH,19-10-1,,,20-11-20,12-7-13,,,,InProgress,80%
1204-71-PR-DIG-001,00,CAUSE AND EFFECT DIAGRAM FOR DAILY METHANOL STORAGE TANKS,,BE,IFR,,PR,TM-OT-9001-T-0310,13-8-6,,,No,2463,1204-TKT-COLANGELI,13-8-6,,LIST,20-3-27,,,20-5-6,13-8-6,,,,InProgress,90%
1204-00-ST-DWG-019,02,PIPE RACK ZONE 2 / CONCRETE STRUCTURE ( R.C. DETAILS I ),,DE,IFC,,ST,PS-OT-T-0013,15-3-18,,,No,1874,1204-Owner-v,15-3-25,,CDW,15-3-18,,,,15-3-18,,,,complete,100%
1204-00-ST-DWG-054,04,PIPE RACK ZONE 8 / CONCRETE STRUCTURE ( G.A. PLANS & DETAILS ),,DE,IFC,,ST,PS-OT-T-0183,16-1-12,,,No,1574,1204-Owner-v,16-1-16,,CDW,16-1-19,,,,16-1-19,,,,complete,100%
1204-00-ST-DWG-067,02,PIPE RACK ZONE 10 / CONCRETE STRUCTURE ( R.C. DETAILS I ),,DE,IFC,,ST,PS-OT-T-0234,16-4-10,,,No,1485,1204-Owner-v,16-4-11,,CDW,16-4-19,,,,16-4-19,,,,complete,100%
1204-30-ST-DWG-319,02,"STRUCTURE ""C"" FOR D-3001,D-3002,E-3001,E-3002,E-3007,E-3011  / STEEL STRUCTURE (PLAN & DETS.)",,DE,IFC,,ST,PS-OT-T-0757,19-3-2,,,No,429,1204-Owner-v,19-3-4,,CDW,19-3-11,,,,19-3-11,,,,complete,100%
1204-10-PR-PID-111,01,PIPING & INSTRUMENTATION DIAGRAM UNIT 100- FUEL GAS DISTRRIBUTION TO ARCH-BURNERS,,DE,IFR,,PR,PS-OT-T-363,16-11-13,,,No,1268,1204-Owner-v,16-11-16,,EDW,20-6-1,,,20-6-1,17-4-1,17-5-20,MT-PS-9301-CS-200-R,,InProgress,80%
1204-40-PR-PID-401,02,PIPING & INSTRUMENTATION DIAGRAM UNIT 400- DEAREATION + BFW PUMPS,,DE,IFC-WH,,PR,PS-OT-T-0664,18-8-11,,,No,632,1204-Owner-v,18-8-16,,EDW,20-7-15,,,20-7-15,18-8-15,,,,InProgress,90%
1204-63-PR-LST-002,00,LINE LIST FOR COOLING WATER SYSTEM,,BE,IFR,,PR,TM-OT-9001-T-0297,13-7-3,,,No,2497,1204-TKT-COLANGELI,13-7-2,,LIST,20-3-30,,,20-5-6,13-7-3,,,,InProgress,90%
1204-00-ST-DWG-011,03,PIPE RACK ZONE 1 / CONCRETE STRUCTURE ( G.A. PLANS & DETAILS ),,DE,IFC,,ST,PS-OT-T-0110,15-10-7,,,No,1671,1204-Owner-v,15-10-8,,CDW,15-10-20,,,,15-10-20,15-10-20,MT-PS-9301-CS-027,,complete,100%
1204-00-ST-DWG-024,03,PIPE RACK ZONE 3 / CONCRETE STRUCTURE ( G.A. PLANS & DETAILS ),,DE,IFC,,ST,PS-OT-T-0119,15-10-17,,,No,1661,1204-Owner-v,15-10-18,,CDW,15-10-28,,,,15-10-28,15-10-25,MT-PS-9301-CS-026,,complete,100%
1204-20-ST-DWG-201,02,D-2001 / FDN. (G.A. & R.C.),,DE,IFC,,ST,PS-OT-T-0593,18-4-24,,,No,741,1204-Owner-v,18-4-28,,CDW,18-5-3,,,,18-5-3,18-4-29,MT-PS-9609-CS-060,,complete,100%
1204-90-ST-DWG-1011,02,WORK SHOP / FDN.. (G.A.& DETAILS),,DE,IFC,,ST,PS-TM-T-0252,17-9-13,,,No,964,1204-TKT-COLANGELI,13-9-26,,CDW,17-9-13,,,,17-9-13,,,,complete,100%
1204-10-ST-DWG-109,01,D-1003 / FDN. (G.A. & R.C.),,DE,IFC,,ST,PS-OT-T-0302,16-7-4,,,No,1400,1204-Owner-v,16-7-5,,CDW,16-7-4,,,,16-7-4,16-7-4,MT-PS-9301-CS-174,,complete,100%
1204-10-ST-DWG-155,01,REFORMER (HORIZONTAL CONVECTION SECTION) / FDN. (R.C.),,DE,IFC,,ST,PS-OT-T-0672,18-8-28,,,No,615,1204-Owner-v,18-9-1,,CDW,18-8-28,,,,18-8-28,,,,complete,100%
1204-90-ST-DWG-1013,02,"WORK SHOP / G.A. , FURNITURE & SECTIONS",,DE,IFC,,ST,TM-OT-9001-T-0261,13-4-24,,,No,2567,1204-TKT-COLANGELI,13-4-24,,CDW,13-4-24,,,,13-4-24,,,,complete,100%
1204-90-ST-DWG-904,03,CONTROL ROOM & LABORATORY / FURNITURE PLAN,,DE,IFC-WH,,ST,TM-OT-9001-T-0390,14-8-13,,,No,2091,1204-TKT-COLANGELI,14-8-12,,CDW,14-8-13,,,,14-8-13,14-8-20,MT-OT-9301-CS-018,,complete,100%
1204-00-QC-SOI-256B,00,SCOPE OF INSPECTION FOR FILTERS,,DE,IFR,,QC,PS-OT-T-9999,15-12-30,,,No,32633,,,,SCOPE,20-5-15,,,,,,,,InProgress,50%
1204-90-ST-DWG-934,03,SUBSTATION / G.A PLAN OF GROUND FLOOR & FIRST FLOOR,,DE,IFC-WH,,ST,TM-OT-9001-T-0368,14-5-20,,,No,2176,1204-TKT-COLANGELI,14-5-20,,CDW,14-5-20,,,,14-5-20,,,,complete,100%
1204-30-ST-DWG-337,00,"STRUCTURE ""E"" FOR E-3004,E-3012 / STAIRS",,DE,IFR,,ST,PS-OT-T-0428,17-3-8,,,No,1153,1204-Owner-v,17-3-9,,CDW,17-4-9,,,,17-4-9,17-3-11,MT-PS-9301-CS-218,,InProgress,80%
1204-90-ST-DWG-1004,01,CONTROL ROOM & LABORATORY / CONTROL ROOM SHELTER & DETS.,,DE,IFC,,ST,TM-OT-9001-T-0432,15-1-21,,,No,1930,1204-TKT-COLANGELI,15-1-20,,CDW,15-1-21,,,,15-1-21,,,,complete,100%
1204-90-ST-DWG-966,05,"ADMINISTRATION , RESTAURANT, CLINIC & GUARD HOUSE BUILDING / FDN. (G.A. & DETAILS)",,DE,IFC,,ST,PS-OT-T-0956,20-4-27,,,No,7,1204-Owner-v,20-4-29,,CDW,20-4-27,,,,20-4-27,,,,complete,100%
1204-90-ST-DWG-988,02,"ADMINISTRATION , RESTAURANT & CLINIC BUILDING / COLUMNS & WALLS (R.C.DETAILS)",,DE,IFC,,ST,TM-OT-9001-T-0341,13-12-18,,,No,2329,1204-TKT-COLANGELI,13-12-16,,CDW,13-12-18,,,,13-12-18,,,,complete,100%
1204-90-ST-DWG-1016,01,"WORK SHOP / LINTEL , FINISHING & FALSE CEILING PLAN",,DE,IFC,,ST,TM-OT-9001-T-0372,14-5-27,,,No,2169,1204-TKT-COLANGELI,14-5-27,,CDW,14-5-27,,,,14-5-27,,,,complete,100%
1204-90-ST-DWG-1040,01,WAREHOUSE / FRAMES & PLAN FOR OFFICE PART,,DE,IFC,,ST,TM-OT-9001-T-0234,13-2-5,,,No,2645,1204-TKT-COLANGELI,13-2-5,,CDW,13-2-5,,,,13-2-5,,,,complete,100%
1204-90-ST-DWG-985,02,"ADMINISTRATION , RESTAURANT & CLINIC BUILDING / FRAMES",,DE,IFC,,ST,TM-OT-9001-T-0341,13-12-18,,,No,2329,1204-TKT-COLANGELI,13-12-16,,CDW,13-12-18,,,,13-12-18,,,,complete,100%
1204-30-PV-DSH-232,01,MECHANICAL DATA SHEET FOR TOPPING COLUMN (T-3001),,DE,IFE,,MD,TM-OT-9001-T-0343,13-12-18,,,No,2329,1204-TKT-COLANGELI,13-12-18,,DSH,13-12-18,,,,13-12-18,,,,complete,100%
1204-20-PV-DSH-215,01,MECHANICAL DATA SHEET FOR CRUDE METHANOL LET-DOWN SEPARATOR (D-2002),,DE,IFE,,MD,PS-OT-T-0833,19-11-13,,,No,173,1204-Owner-v,19-11-27,,DSH,19-11-13,,,,19-11-13,,,,complete,100%
1204-00-EL-CSS-502,01,CONSTRUCTION STANDARD SPECIFICATION FOR ELECTRICAL INSTALLATION IN BUILDING,,DE,IFE,,EL,TM-OT-9001-T-0417,14-12-3,,,No,1979,1204-TKT-COLANGELI,14-12-3,,SPEC,14-12-3,,,,14-12-3,,,,complete,100%
1204-00-IN-MSS-621,00,Material Standard Specification for Displacer Type Level Transmitters,,DE,IFR,,IN,TM-OT-9001-T-0076,12-5-29,,,No,2897,1204-Owner-v,15-9-16,,SPEC,20-3-30,,,20-3-30,12-5-29,,,,InProgress,80%
1204-71-PR-DSH-102,01,DATA SHEET FOR DAILY METHANOL TRANSFER PUMPS (P-7101 A/B),,BE,IFE,,PR,TM-OT-9001-T-0242,13-3-14,,,No,2608,1204-Owner-v,15-9-16,,DSH,13-3-14,,,,13-3-14,,,,complete,100%
1204-00-EL-DIG-005,02,CCTV SYSTEM RISER DIAGRAM,,DE,IFR,,EL,PS-OT-T-0878,20-2-4,,,No,90,1204-Owner-v,20-2-8,,CDW,20-4-20,,,20-4-20,,20-3-7,MT-PS-9609-CS-0302,,InProgress,80%
1204-00-EL-DWG-001,00,Electrical Symbols and Legends,,DE,IFR,,EL,TM-OT-9001-T-0097,12-6-1,,,No,2894,1204-Owner-v,15-9-14,,CDW,20-8-30,,,20-8-30,12-6-1,,,,InProgress,80%
1204-00-EL-MSS-504,01,MATERIAL STANDARD SPECIFICATION FOR POWER & DISTRIBUTION TRANSFORMERS,,DE,IFE,,EL,TM-OT-9001-T-0403,14-10-30,15-8-12,,Yes,272,1204-TKT-COLANGELI,14-10-30,,SPEC,14-10-30,,,,14-10-30,,,,complete,100%
1204-00-IN-MSS-626,01,MATERIAL STANDARD SPECIFICATION FOR MOTOR OPERATED VALVES,,DE,IFE,,IN,PS-OT-T-0051,15-5-26,,,No,1805,1204-Owner-v,15-5-27,,SPEC,15-5-26,,,,15-5-26,,,,complete,100%
1204-00-IN-MSS-627,01,MATERIAL STANDARD SPECIFICATION FOR INSTRUMENT JUNCTION BOXES & CABLE GLANDS,,DE,IFE,,IN,PS-OT-T-0048,15-5-23,,,No,1808,1204-Owner-v,15-5-24,,SPEC,15-5-23,,,,15-5-23,,,,complete,100%
1204-71-ST-DWG-755,01,DYKE WALL FOR TK-7101 A/B & TK-7201 / STAIRS,,DE,IFC,,ST,PS-OT-T-0577,18-3-10,,,No,786,1204-Owner-v,18-3-12,,CDW,18-3-10,,,,18-3-10,18-3-13,MT-PS-9609-CS-046,,complete,100%
1204-00-PI-TBA-401A,02,TECHNICAL BID ANALYSIS FOR A/G PIPES & FITTINGS(MTO I),,DE,IFE,,PI,PS-OT-T-0425,17-3-5,,,No,1156,1204-Owner-v,17-3-7,,TBA,17-3-14,,,,17-3-14,17-3-8,MT-PS-9301-CS-216,,complete,100%
1204-10-PR-PID-102,02,PIPING & INSTRUMENTATION DIAGRAM UNIT 100- NTURAL GAS FEED SUPPLY,,DE,IFC-WH,,PR,PS-OT-T-0749,19-1-23,,,No,467,1204-Owner-v,19-1-27,,EDW,21-4-1,,,21-4-1,19-1-30,20-4-20,MT-PS-9609-CS-0331,,InProgress,90%
1204-63-PR-PID-631,02,PIPING AND INSTRUMENTATION DIAGRAM FOR COOLING WATER SYSTEM,,DE,IFR,,PR,PS-OT-T-0417,17-2-11,,,No,1178,1204-Owner-v,17-2-19,,EDW,20-5-1,,20-5-30,20-6-30,17-2-23,17-2-25,MT-PS-9301-CS-215,,InProgress,80%
1204-10-ST-DWG-127,01,E-1009 / FDN. (G.A. & R.C.),,DE,IFC,,ST,PS-OT-T-0299,16-6-28,,,No,1406,1204-Owner-v,16-6-28,,CDW,16-6-28,,,,16-6-28,,,,complete,100%
1204-90-ST-MTO-961,00,MATERIAL TAKE OFF FOR SUBSTATION / ARCHITECTURAL,,DE,IFE,,ST,TM-OT-9001-T-0405,14-10-31,,,No,2012,1204-TKT-COLANGELI,14-10-31,,LIST,14-10-31,,,,14-10-31,14-11-11,MT-TM-9301-CS-008,,complete,100%
1204-00-QC-SOI-154,00,SCOPE OF INSPECTION FOR FIRE AND GAS ALARM SYSTEM,,DE,IFI,,QC,PS-OT-T-9999,15-6-14,,,No,32633,,,,SCOPE,20-5-15,,,,,,,,complete,100%
1204-00-PV-REQ-220A,02,REQUISITION FOR SILENCERS,,DE,IFP,,MD,PS-OT-T-0962,20-5-5,,,No,-1,1204-Owner-v,20-5-7,,REQ,19-11-27,,,20-1-3,,20-1-3,MT-PS-9609-CS-0259,,complete,100%
1204-90-ST-DWG-1018,01,WORK SHOP / FRAMING PLANS,,DE,IFC,,ST,TM-OT-9001-T-0234,13-2-5,,,No,2645,1204-TKT-COLANGELI,13-2-5,,CDW,13-2-5,,,,13-2-5,,,,complete,100%
1204-90-ST-DWG-1038,01,WAREHOUSE / FRAMES I,,DE,IFC,,ST,TM-OT-9001-T-0234,13-2-5,,,No,2645,1204-TKT-COLANGELI,13-2-5,,CDW,13-2-5,,,,13-2-5,,,,complete,100%
1204-90-ST-DWG-1062,00,FIRE STATION / BLOCK & JOIST,,DE,IFR,,ST,TM-OT-9001-T-0421,14-12-10,,,No,1972,1204-TKT-COLANGELI,14-12-10,,CDW,20-6-30,,,20-6-30,14-12-10,14-12-30,MT-TM-9301-CS-030,,InProgress,80%
1204-00-IN-CSS-601,01,CONSTRUCTION STANDARD SPECIFICATION FOR INSTRUMENTATION,,DE,IFE,,IN,PS-OT-T-0058,15-6-8,,,No,1792,1204-Owner-v,15-6-9,,SPEC,15-6-8,,,,15-6-8,,,,complete,100%
1204-00-PV-SDG-240,00,Standard Drawing for Pressure Vessel,,DE,IFR,,MD,TM-OT-9001-T-0130,12-7-11,,,No,2854,1204-Owner-v,15-4-11,,SPEC,20-4-30,,,20-4-30,,,,,InProgress,80%
1204-64-PR-DSH-105,02,PROCESS DATA SHEET FOR MIXED BED POLISHER PACKAGE (PU-6401),,BE,IFE,,PR,PS-OT-T-0053,15-5-30,,,No,1801,1204-Owner-v,15-5-30,,DSH,15-5-30,,,,15-5-30,,,,complete,100%
1204-05-EL-DWG-030,00,COMMUNICATION AND CCTV LAYOUT AREA 05,,DE,IFR,,EL,PS-OT-T-0185,16-1-18,16-7-24,,Yes,174,1204-Owner-v,16-1-19,,CDW,20-7-30,,,20-7-30,16-1-24,16-1-25,MT-PS-9301-CS-095,,InProgress,80%
1204-00-HS-DSH-009,00,DATA SHEET FOR LINEAR CABLE HEAT DETECTOR,,DE,IFR,,HSE,TM-OT-9001-T-0412,14-11-24,,,No,1988,1204-TKT-COLANGELI,14-11-24,,DSH,19-10-12,,,20-10-10,14-11-24,,,,InProgress,80%
1204-00-HS-DSH-026,00,DATA SHEET FOR AUTO/MANUAL/INHIBIT SWITCHES,,DE,IFR,,HSE,TM-OT-9001-T-0412,14-11-24,,,No,1988,1204-TKT-COLANGELI,14-11-24,,DSH,19-10-12,,,20-10-10,14-11-24,,,,InProgress,80%
1204-00-IN-DSH-625,01,DATA SHEET FOR TEMPERATURE ELEMENTS / TRANSMITTERS & THERMOWELLS,,DE,IFR,,IN,PS-OT-T-0520,17-12-19,,,No,867,1204-Owner-v,17-12-19,,DSH,20-8-10,,,20-8-10,17-12-25,18-1-3,MT-PS-9301-CS-274-R,,InProgress,80%
1204-00-EL-CSS-502,01,CONSTRUCTION STANDARD SPECIFICATION FOR ELECTRICAL INSTALLATION IN BUILDING,,DE,IFE,,EL,TM-OT-9001-T-0417,14-12-3,,,No,1979,1204-TKT-COLANGELI,14-12-3,,SPEC,14-12-3,,,,14-12-3,,,,complete,100%
1204-00-IN-MSS-623,01,MATERIAL STANDARD SPECIFICATION FOR PRESSURE SWITCHES,,DE,IFE,,IN,PS-OT-T-0051,15-5-26,,,No,1805,1204-Owner-v,15-5-27,,SPEC,15-5-26,,,,15-5-26,,,,complete,100%
1204-00-IN-MSS-631,01,MATERIAL STANDARD SPECIFICATION FOR INSTRUMENT TUBE AND TUBE FITTINGS,,DE,IFE,,IN,PS-OT-T-0048,15-5-23,,,No,1808,1204-Owner-v,15-5-24,,SPEC,15-5-23,,,,15-5-23,,,,complete,100%
1204-00-ST-CSS-752,01,CONSTRUCTION STANDARD SPECIFICATION FOR FABRICATION & ERECTION OF STEEL STRUCTURES,,DE,IFC,,ST,PS-OT-T-0031,15-5-4,,,No,1827,1204-Owner-v,15-5-5,,SPEC,15-5-4,,,,15-5-4,,,,complete,100%
1204-63-PR-DSH-102,01,PROCESS DATA SHEET FOR COOLING TOWER BASIN (A-6301),,BE,IFE,,PR,PS-OT-T-0004,15-3-3,,,No,1889,1204-Owner-v,15-8-30,,DSH,15-3-3,,,,15-3-3,,,,complete,100%
1204-63-PR-DSH-104,02,DATA SHEET FOR COOLING WATER SUPPLY PUMPS STEAM TURBINE (PT-6301 A/B),,BE,IFE,,PR,PS-OT-T-0292,16-6-19,,,No,1415,1204-Owner-v,16-6-20,,DSH,16-6-26,,,,16-6-26,16-7-2,MT-PS-9301-CS-171,,complete,100%
1204-00-EL-CSH-004,01,CABLE  SIZING CALCULATIONS,,DE,IFR,,EL,PS-OT-T-474,17-8-29,,,No,979,1204-Owner-v,17-8-30,,LIST,20-8-30,,,20-8-30,,17-9-4,MT-PS-9301-CS-236,,InProgress,90%
1204-00-PI-LST-415,00,PIPING ALLOWABLE NOZZLE LOADS FOR STATIC EQUIPMENT,,DE,IFR,,PI,TM-OT-9001-T-0217,12-12-11,,,No,2701,1204-TKT-COLANGELI,12-12-11,,LIST,20-5-1,,,20-5-1,,,,,InProgress,90%
1204-00-ST-CSS-751,01,CONSTRUCTION STANDARD SPECIFICATION FOR CONCRETE MATERIAL AND CONSTRUCTION,,DE,IFC,,ST,TM-OT-9001-T-0442,15-2-20,,,No,1900,1204-TKT-COLANGELI,15-2-20,,SPEC,15-2-20,,,,15-2-20,,,,complete,100%
1204-00-IN-MSS-634,01,MATERIAL STANDARD SPECIFICATION FOR RADAR TYPE LEVEL TRANSMITTERS,,DE,IFE,,IN,PS-OT-T-0051,15-5-26,,,No,1805,1204-Owner-v,15-5-27,,SPEC,15-5-26,,,,15-5-26,,,,complete,100%
1204-64-PR-LST-001,01,EQUIPMENT LIST FOR WATER POLISHING SYSTEM SYSTEM,,BE/DE,IFE,,PR,PS-OT-T-0138,15-11-28,,,No,1619,1204-Owner-v,15-11-29,,LIST,15-11-28,,,,15-11-28,15-12-5,MT-PS-9301-CS-051,,complete,100%
1204-72-PR-LST-001,01,EQUIPMENT LIST FOR CRUDE METHANOL STORAGE TANK,,BE/DE,IFE,,PR,PS-OT-T-0138,15-11-28,,,No,1619,1204-Owner-v,15-11-29,,LIST,15-11-28,,,,15-11-28,15-12-5,MT-PS-9301-CS-051,,complete,100%
1204-00-EL-CSH-001,00,SHORT CIRCUIT CALCULATION,,DE,IFR,,EL,PS-OT-T-0625,18-6-3,,,No,701,1204-Owner-v,18-6-13,,LIST,20-8-15,,,20-8-15,,,,,InProgress,90%
1204-00-EL-DSH-501,01,DATA SHEET FOR NEUTRAL GROUNDING RESISTORS (MS-NGR-01A/B),,DE,IFR,,EL,PS-OT-T-0925,20-3-7,20-4-4,,Yes,14,1204-Owner-v,20-3-9,,DSH,20-5-8,,,20-5-8,,20-3-25,MT-PS-9609-CS-0319,,InProgress,80%
1204-00-EL-SDG-626,00,Electrical Installation Standard Drawings - Heat Tracing,,DE,IFR,,EL,TM-OT-9001-T-0096,12-5-31,15-8-12,,Yes,1154,1204-Owner-v,15-9-14,,CDW,20-9-10,,,20-9-10,12-5-31,14-12-1,MT-TM-9301-CS-021,,InProgress,80%
1204-00-EL-SLD-020,01,"SINGLE LINE DIAGRAM FOR 110V AC UPS (CR-UPS-01, CR01-UPS-01)",,DE,IFR,,EL,PS-OT-T-483,17-9-11,17-10-18,,Yes,23,1204-Owner-v,17-9-13,,CDW,20-9-30,,,20-9-30,,17-10-9,MT-PS-9301-CS-252,,InProgress,80%
1204-00-IN-MSS-608,01,MATERIAL STANDARD SPECIFICATION FOR ANNUBAR FLOW ELEMENT,,DE,IFE,,IN,PS-OT-T-0048,15-5-23,,,No,1808,1204-Owner-v,15-5-24,,SPEC,15-5-23,,,,15-5-23,,,,complete,100%
1204-00-HS-ESS-154,02,ENGINEERING STANDARD SPECIFICATION FOR SAFETY SIGNS,,DE,IFE,,HSE,PS-OT-T-0024,15-4-20,,,No,1841,1204-Owner-v,15-4-21,,SPEC,15-4-20,,,,15-4-20,,,,complete,100%
1204-00-EL-DSH-5032,01,"DATA SHEET FOR LV SWITCHGEAR  (MS-SWB3A,B-02)",,DE,IFR,,EL,PS-OT-T-0527,18-1-1,18-2-12,,Yes,28,1204-Owner-v,18-1-2,,DSH,20-5-12,,,20-5-12,18-1-27,18-5-31,MT-PS-9609-CS-013-R,,InProgress,80%
1204-00-EL-CSS-501,01,CONSTRUCTION STANDARD SPECIFICATION FOR ELECTRICAL INSTALLATION IN AREA,,DE,IFE,,EL,TM-OT-9001-T-0417,14-12-3,,,No,1979,1204-TKT-COLANGELI,14-12-3,,SPEC,14-12-3,,,,14-12-3,,,,complete,100%
1204-00-EL-CSS-501,01,CONSTRUCTION STANDARD SPECIFICATION FOR ELECTRICAL INSTALLATION IN AREA,,DE,IFE,,EL,TM-OT-9001-T-0417,14-12-3,,,No,1979,1204-TKT-COLANGELI,14-12-3,,SPEC,14-12-3,,,,14-12-3,,,,complete,100%
1204-00-PI-SDG-403,01,STANDARD DRAWING FOR UNDER GROUND PIPING,,DE,IFE,,PI,PS-OT-T-0408,17-1-15,,,No,1205,1204-Owner-v,17-2-26,,SPEC,17-1-17,,,,17-1-17,,,,complete,100%
1204-00-IN-MSS-619,01,MATERIAL STANDARD SPECIFICATION FOR LEVEL SWITCHES,,DE,IFE,,IN,PS-OT-T-0051,15-5-26,,,No,1805,1204-Owner-v,15-5-27,,SPEC,15-5-26,,,,15-5-26,,,,complete,100%
1204-00-PV-ESS-248,01,ENGINEERING STANDARD SPECIFICATION FOR CLADDING AND LINING,,DE,IFE,,MD,PS-OT-T-0924,20-3-2,,,No,63,1204-Owner-v,20-4-10,,SPEC,20-4-30,,,20-4-30,,20-3-3,MT-PS-9609-CS-0292,,complete,100%
1204-00-MC-MSS-006,00,MATREIAL STANDARD SPECIFICATION FOR POSITIVE DISPLACEMENT PUMPS- CONTROLLED VOLUME,,DE,IFR,,MC,TM-OT-9001-T-0145,12-8-30,,,No,2804,1204-Owner-v,15-4-15,,SPEC,20-4-20,,,20-4-20,,,,,InProgress,80%
1204-71-PV-DSH-202,03,MECHANICAL DATA SHEET FOR SHIFT METHANOL STORAGE TANK (TK-7101A/B),,DE,IFE,,MD,TM-OT-9001-T-0445,15-3-4,,,No,1888,1204-TKT-COLANGELI,15-3-4,,DSH,15-3-4,,,,15-3-4,,,,complete,100%
1204-64-PV-DSH-208,01,MECHANICAL DATA SHEET FOR SULFURIC ACID DRUM (D-6401),,DE,IFE,,MD,TM-OT-9001-T-0149,12-9-5,,,No,2798,1204-Owner-v,14-9-30,,DSH,12-9-5,,,,12-9-5,,,,complete,100%
1204-00-QC-SOI-152,00,SCOPE OF INSPECTION FOR FIRE EXTINGUISHERS,,DE,IFI,,QC,PS-OT-T-9999,15-6-14,,,No,32633,,,,SCOPE,20-5-15,,,,,,,,complete,100%
1204-00-PR-UDD-012,01,UTILITY DISTRIBUTION DIAGRAM FOR STEAM CONDENSATE & BLOWDOWN DISTRIBUTION SYSTEM,,DE,IFR,,PR,PS-OT-T-0416,17-2-11,,,No,1178,1204-Owner-v,17-2-19,,EDW,20-5-1,,,20-5-1,,,,,InProgress,80%
1204-00-IN-ESS-603,01,ENGINEERING STANDARD SPECIFICATION FOR PACKAGE INSTRUMENTATION,,DE,IFE,,IN,PS-OT-T-0062,15-6-16,,,No,1784,1204-Owner-v,15-6-17,,SPEC,15-6-16,,,,15-6-16,,,,complete,100%
1204-00-ST-ESS-742,01,ENGINEERING STANDARD SPECIFICATION FOR CONCRETE DESIGN AND MATERIAL,,DE,IFC,,ST,TM-OT-9001-T-0408,14-11-6,,,No,2006,1204-TKT-COLANGELI,14-11-6,,SPEC,14-11-6,,,,14-11-6,14-12-30,MT-TM-9301-CS-027,,complete,100%
1204-00-HS-ESS-152,01,ENGINEERING STANDARD SPECIFICATION FOR FIRE AND GAS SYSTEM,,DE,IFE,,HSE,TM-OT-9001-T-0396,14-10-2,,,No,2041,1204-TKT-COLANGELI,14-10-1,,SPEC,14-10-2,,,,14-10-2,14-11-8,MT-TM-9301-CS-001,,complete,100%
1204-63-PR-LST-001,01,EQUIPMENT LIST FOR COOLING WATER SYSTEM,,BE/DE,IFE,,PR,PS-OT-T-0138,15-11-28,,,No,1619,1204-Owner-v,15-11-29,,LIST,15-11-28,,,,15-11-28,15-12-5,MT-PS-9301-CS-051,,complete,100%
1204-00-MC-MSS-002,00,Matreial Standard Specification for Special Purpose Steam Turbines,,DE,IFR,,MC,TM-OT-9001-T-0133,12-7-12,,,No,2853,1204-Owner-v,15-1-17,,SPEC,20-4-20,,,20-4-20,,,,,InProgress,80%
1204-00-EL-DIG-006,02,RADIO SYSTEM BLOCK DIAGRAM,,DE,IFC,,EL,PS-OT-T-0960,20-5-5,,,No,-1,1204-Owner-v,20-5-7,,CDW,20-5-30,,,20-5-30,,16-4-18,MT-PS-9301-CS-129,,complete,100%
1204-00-EL-SLD-008,00,"SINGLE LINE DIAGRAM FOR 6KV SWITCHGEAR (SS01-SWB2A,B-01)",,DE,IFR,,EL,PS-OT-T-0511,17-12-9,18-2-12,,Yes,51,1204-Owner-v,17-12-11,,CDW,20-9-30,,,20-9-30,17-12-12,17-12-19,MT-PS-9301-CS-272,,InProgress,80%
1204-30-PV-DSH-217,01,MECHANICAL DATA SHEET FOR LIGHT ENDS KO DRUM (D-3002),,DE,IFE,,MD,TM-OT-9001-T-0214,12-12-11,,,No,2701,1204-TKT-COLANGELI,12-12-11,,DSH,12-12-11,,,,12-12-11,,,,complete,100%
1204-64-ST-MTO-713,00,MATERIAL TAKE OFF FOR TK-6401,,DE,IFE,,ST,TM-OT-9001-T-0404,14-10-30,,,No,2013,1204-TKT-COLANGELI,14-10-30,,LIST,20-8-18,,,20-8-18,14-10-31,14-11-11,MT-TM-9301-CS-007,,complete,100%
1204-90-HV-DSH-102,02,DATA SHEET FOR BLAST PROTECTION VALVE FOR EXHAUST FAN IN HVAC ROOM IN CONTROL BUILDING,,DE,IFE,,HV,TM-OT-9001-T-0383,14-7-7,,,No,2128,1204-TKT-COLANGELI,14-7-7,,DSH,14-7-7,,,,14-7-7,14-11-22,MT-TM-9301-CS-014,,complete,100%
1204-30-PR-PID-309,02,PIPING & INSTRUMENTATION DIAGRAM UNIT 300-METHANOL CLOSE DRAIN SYSTEM & SODA DOSING UNIT,,DE,IFC-WH,,PR,PS-OT-T-0641,18-7-7,,,No,667,1204-Owner-v,18-7-10,,EDW,20-6-15,,,20-6-15,,18-7-10,MT-PS-9609-CS-096,,InProgress,90%
1204-10-PI-ISO-6800,01,U/G ISOMETRIC DRAWING OF AREA-68,,DE,IFC-WH,,PI,PS-OT-T-0647,18-7-15,,,No,659,1204-Owner-v,18-7-16,,CDW,20-6-30,,,20-6-30,18-7-21,18-8-4,MT-PS-9609-CS-098-R,,InProgress,90%
1204-10-QC-SOI-202S,00,SCOPE OF INSPECTION FOR STEAM SUPER HEATERS AND TRANSFER LINES OF WASTE HEAT BOILER,,DE,IFI,,QC,PS-OT-T-9999,15-6-14,,,No,32633,,,,SCOPE,20-5-15,,,,,,,,complete,100%
1204-00-PI-MTO-422,00,MATERIAL TAKE OFF FOR PAINT FOR FLARE AND UTILITY LINE(OSBL),,DE,IFE,,PI,PS-OT-T-0944,20-4-5,,,No,29,1204-Owner-v,20-4-7,,MTO,20-5-15,,,,,,,,complete,100%
1204-00-PI-REQ-417,00,REQUISITION FOR PIPE FOR FLARE AND UTILITY LINE(OSBL),,DE,IFI,,PI,PS-OT-T-0943,20-4-5,,,No,29,1204-Owner-v,20-4-7,,REQ,20-5-15,,,,,,,,InProgress,90%
1204-20-ST-DWG-212,02,"STRUCTURE ""A"" FOR D-2003,E-2001A/B,E-2003A/B,E-2002,E-2005A/B,E-2006/STEEL STR. (FRAMES II)",,DE,IFC-WH,,ST,PS-OT-T-0812,19-6-26,,,No,313,1204-Owner-v,19-7-1,,CDW,19-6-26,,,,19-6-26,,,,complete,100%
1204-30-ST-DWG-341,02,"STRUCTURE  ""F"" FOR D-3004,D-3005,E-3003C/D,E-3005,E-3009 / FDN. (G.A. & R.C.)",,DE,IFC-WH,,ST,PS-OT-T-0394,17-1-1,,,No,1219,1204-Owner-v,17-1-2,,CDW,14-1-4,,,,14-1-4,,,,complete,100%
1204-90-ST-DWG-907,01,CONTROL ROOM & LABORATORY / FDN.. OF BLAST PART (G.A.& DETAILS),,DE,IFC,,ST,PS-TM-T-0255,21-9-13,,,No,-497,1204-TKT-COLANGELI,13-9-27,,CDW,20-6-20,,,20-6-20,,,,,InProgress,80%
1204-90-ST-DWG-940,02,"SUBSTATION / BEAMS , WALLS & COLUMNS (G.A. PLAN & DETAILS)",,DE,IFC,,ST,TM-OT-9001-T-0369,14-5-23,,,No,2173,1204-TKT-COLANGELI,14-5-22,,CDW,14-5-23,,,,14-5-23,,,,complete,100%
1204-00-IN-MSS-611,01,MATERIAL STANDARD SPECIFICATION FOR MASS FLOW METER,,DE,IFE,,IN,PS-OT-T-0050,15-5-26,,,No,1805,1204-Owner-v,15-5-27,,SPEC,15-5-26,,,,15-5-26,,,,complete,100%
1204-00-MC-MSS-010,00,Matreial Standard Specification for Diesel Engine and Generators,,DE,IFR,,MC,TM-OT-9001-T-0133,12-7-12,,,No,2853,1204-Owner-v,15-4-15,,SPEC,20-4-20,,,20-4-20,,,,,InProgress,80%
1204-00-EL-SLD-007,01,"SINGLE LINE DIAGRAM FOR 400V SWITCHGEAR - MS-SWB3A,B-05",,DE,IFR,,EL,PS-OT-T-0523,17-12-25,18-6-30,,Yes,173,1204-Owner-v,17-12-30,,CDW,20-9-30,,,20-9-30,,18-1-20,MT-PS-9609-CS-008,,InProgress,80%
1204-90-EL-SLD-039,01,LABORATORY EMERGENCY LIGHTING PANEL ONE LINE DIAGRAM,,DE,IFC,,EL,TM-OT-9001-T-0349,14-1-23,15-3-3,,Yes,390,1204-TKT-COLANGELI,14-1-23,,CDW,14-1-23,,,,14-1-23,,,,complete,100%
1204-00-HS-REQ-158,00,REQUISITION FOR SAFETY SHOWER AND EYE WASH,,DE,IFI,,HSE,PS-OT-T-0085,15-8-2,,,No,1737,1204-Owner-v,15-8-3,,REQ,20-12-22,,,20-12-31,15-8-2,15-8-24,MT-PS-9301-CS-010,,InProgress,90%
1204-84-HS-LST-001,01,EQUIPMENT LIST FOR EFFLUENT WATER TREATMENT UNIT,,DE,IFR,,HSE,PS-OT-T-0853,19-12-28,,,No,128,1204-Owner-v,20-1-3,,LIST,20-7-15,,,20-7-15,,20-2-12,MT-PS-9301-CS-0268,,InProgress,90%
1204-90-HS-DWG-003,03,FIRE & GAS ALARM LAYOUT FOR CONTROL ROOM,,DE,IFE,,HSE,PS-OT-T-0714,18-11-4,,,No,547,1204-Owner-v,18-11-12,,EDW,18-11-14,,,,18-11-14,,,,complete,100%
1204-00-IN-LST-002,01,FCS I/O COUNT,,DE,IFR,,IN,PS-OT-T-0902,20-2-19,,,No,75,1204-Owner-v,20-2-25,,LIST,20-4-14,,,20-4-14,,,,,InProgress,90%
1204-00-IN-REQ-607,00,REQUISITION FOR RUPTURE DISCS,,DE,IFI,,IN,PS-OT-T-0927,20-3-7,,,No,58,1204-Owner-v,20-3-9,,REQ,20-7-7,,,20-7-20,,20-3-26,MT-PS-9609-CS-0323,,InProgress,90%
1204-64-PR-PID-643,02,PIPING & INSTRUMENTATION DIAGRAM FOR WATER POLISHING SYSTEM (3 OF 3),,DE,IFR,,PR,PS-OT-T-0417,17-2-11,,,No,1178,1204-Owner-v,17-2-19,,EDW,17-2-23,,,,17-2-23,17-2-25,MT-PS-9301-CS-215,,complete,100%
1204-00-ST-DWG-062,03,PIPE RACK ZONE 9 / CONCRETE STRUCTURE ( R.C. DETAILS II ),,DE,IFC,,ST,PS-OT-T-0143,15-12-6,,,No,1611,1204-Owner-v,15-12-8,,CDW,15-12-13,,,,15-12-13,15-12-14,MT-PS-9301-CS-054,,complete,100%
1204-10-ST-DWG-152,03,REFORMER (A.P.H.) / FDN. (G.A.),,DE,IFC,,ST,PS-OT-T-0817,19-7-22,,,No,287,1204-Owner-v,19-7-24,,CDW,19-7-24,,,,19-7-24,,,,complete,100%
1204-20-ST-DWG-210,01,"STRUCTURE ""A"" & STRUCTURE ""M""    / COMBINED FDN.(R.C. & DETAILS II)",,DE,IFC,,ST,PS-OT-T-0691,18-9-29,,,No,583,1204-Owner-v,18-9-29,,CDW,18-9-29,,,,18-9-29,,,,complete,100%
1204-90-ST-DWG-957,01,SUBSTATION / INSERT PLATES I,,DE,IFC,,ST,TM-OT-9001-T-0407,14-11-4,,,No,2008,1204-TKT-COLANGELI,14-11-3,,CDW,14-11-4,,,,14-11-4,14-11-10,MT-TM-9301-CS-003,,complete,100%
1204-90-EL-DWG-030,01,SUBSTATION COMMUNICATION LAYOUT,,DE,IFC,,EL,TM-OT-9001-T-0351,14-1-29,15-3-3,,Yes,384,1204-TKT-COLANGELI,14-1-29,,CDW,14-1-29,,,,14-1-29,,,,complete,100%
1204-90-EL-DWG-110,02,CONTROL ROOM & LABORATORY BUILDING LIGHTING LAYOUT,,DE,IFC,,EL,TM-OT-9001-T-0439,15-2-11,15-3-2,,Yes,5,1204-TKT-COLANGELI,15-2-10,,CDW,15-2-11,,,,15-2-11,,,,complete,100%
1204-90-ST-DWG-1030,03,WAREHOUSE / FDN.. (G.A.& DETAILS),,DE,IFC,,ST,TM-OT-9001-T-0341,13-12-18,,,No,2329,1204-TKT-COLANGELI,13-12-16,,CDW,13-12-18,,,,13-12-18,,,,complete,100%
1204-00-QC-SOI-204A,00,SCOPE OF INSPECTION FOR PRESSURE VESSELS (GROUP I),,DE,IFR,,QC,PS-OT-T-9999,15-12-30,,,No,32633,,,,SCOPE,20-5-15,,,,,,,,InProgress,50%
1204-30-RE-DSH-039,01,DATA SHEET FOR TOPPING COLUMN REFLUX PUMPS (P-3001 A/B),,DE,IFR,,MC,PS-OT-T-0387,16-12-20,,,No,1231,1204-Owner-v,16-12-24,,DSH,16-12-20,,,,16-12-20,,,,InProgress,80%
1204-64-RE-DSH-053,00,DATA SHEET FOR SULFURIC ACID UNLOADING PUMP (P-6405),,DE,IFR,,MC,TM-OT-9001-T-0226,13-1-9,,,No,2672,1204-TKT-COLANGELI,13-1-8,,DSH,13-1-9,,,,13-1-9,,,,InProgress,80%
1204-90-HV-DSH-020,01,DATA SHEET FOR PACKAGE AIR HANDLING UNIT FOR SUBSTATION,,DE,IFE,,HV,TM-OT-9001-T-0429,15-1-14,,,No,1937,1204-TKT-COLANGELI,15-1-14,,DSH,15-1-14,,,,15-1-14,15-1-27,MT-TM-9301-CS-033,,complete,100%
1204-90-HV-DSH-022,01,DATA SHEET FOR FRESH AIR FAN & FILTER UNIT FOR SUBSTATION,,DE,IFE,,HV,TM-OT-9001-T-0429,15-1-14,,,No,1937,1204-TKT-COLANGELI,15-1-14,,DSH,15-1-14,,,,15-1-14,15-1-27,MT-TM-9301-CS-033,,complete,100%
1204-90-ST-DWG-908,01,CONTROL ROOM & LABORATORY / FDN.. OF BLAST PART (R.C. DETAILS I),,DE,IFC,,ST,PS-TM-T-0255,21-9-13,,,No,-497,1204-TKT-COLANGELI,13-9-27,,CDW,20-6-20,,,20-6-20,,,,,InProgress,80%
1204-90-ST-DWG-1050,01,FIRE STATION. / FDN. (G.A. & R.C.),,DE,IFR,,ST,PS-OT-T-0959,20-4-30,,,No,4,1204-Owner-v,20-5-3,,CDW,12-10-9,,,,12-10-9,,,,InProgress,80%
1204-90-ST-MTO-1093,00,MATERIAL TAKE OFF FOR GUARD HOUSE / ARCHITECTURAL,,DE,IFE,,ST,TM-OT-9001-T-0405,14-10-31,,,No,2012,1204-TKT-COLANGELI,14-10-31,,LIST,14-10-31,,,,14-10-31,14-11-11,MT-TM-9301-CS-008,,complete,100%
1204-40-RE-DSH-028,00,Data Sheet for MP Boiler Feed Water Pumps P-4002 A/B/C,,DE,IFR,,MC,TM-OT-9001-T-0075,12-5-29,,,No,2897,1204-Owner-v,15-9-16,,DSH,12-5-29,,,,12-5-29,,,,InProgress,80%
1204-40-PV-DSH-225,01,MECHANICAL DATA SHEET FOR MP CONDENSATE DRUM (D-4004),,DE,IFE,,MD,TM-OT-9001-T-0214,12-12-11,,,No,2701,1204-TKT-COLANGELI,12-12-11,,DSH,12-12-11,,,,12-12-11,,,,complete,100%
1204-00-QC-SOI-205A,01,SCOPE OF INSPECTION FOR PACKING & TRAYS & INTERNALS & DEMISTERS,,DE,IFP,,QC,PS-OT-T-9999,15-6-14,,,No,32633,1204-Owner-v,20-5-7,,SCOPE,20-5-7,,,,,,,,complete,100%
1204-20-HM-DSH-233,00,MECHANICAL DATA SHEET FOR SYNTHESIS TRIM CONDENSER (E-2003A/B),,DE,IFR,,MD,TM-OT-9001-T-0333,13-11-6,,,No,2371,1204-TKT-COLANGELI,13-11-6,,DSH,13-11-6,,,,13-11-6,,,,InProgress,80%
1204-90-HV-DSH-011,00,DATA SHEET FOR AIR CONDENSER FOR LABORATORY,,DE,IFE,,HV,TM-OT-9001-T-0316,13-9-11,,,No,2427,1204-TKT-COLANGELI,13-9-9,,DSH,13-9-11,,,,13-9-11,,,,InProgress,80%
1204-90-ST-DWG-919,01,CONTROL ROOM & LABORATORY / PLUMBING LAYOUT ( GROUND FLOOR PLAN ),,DE,IFC,,ST,TM-OT-9001-T-0394,14-9-15,,,No,2058,1204-TKT-COLANGELI,14-9-12,,CDW,14-9-15,,,,14-9-15,14-9-24,MT-OT-9301-CS-025,,complete,100%
1204-90-ST-DWG-990,02,"ADMINISTRATION , RESTAURANT & CLINIC BUILDING / BLOCK & JOIST",,DE,IFC,,ST,TM-OT-9001-T-0341,13-12-18,,,No,2329,1204-TKT-COLANGELI,13-12-16,,CDW,13-12-18,,,,13-12-18,,,,complete,100%
1204-90-ST-DWG-996,00,"ADMINISTRATION , RESTAURANT & CLINIC BUILDING / PLUMBING LAYOUT ( FIRST FLOOR PLAN )",,DE,IFR,,ST,TM-OT-9001-T-0227,13-1-10,,,No,2671,1204-TKT-COLANGELI,13-1-8,,CDW,20-4-30,,,20-4-30,13-1-10,,,,InProgress,80%
1204-90-ST-DWG-995,00,"ADMINISTRATION , RESTAURANT & CLINIC BUILDING / PLUMBING LAYOUT ( GROUND FLOOR PLAN )",,DE,IFR,,ST,TM-OT-9001-T-0227,13-1-10,,,No,2671,1204-TKT-COLANGELI,13-1-8,,CDW,20-4-30,,,20-4-30,13-1-10,,,,InProgress,80%
1204-62-PV-DSH-207,01,MECHANICAL DATA SHEET FOR EMERGENCY INSTRUMENT AIR STORAGE (D-6202),,DE,IFE,,MD,TM-OT-9001-T-0149,12-9-5,,,No,2798,1204-Owner-v,15-9-16,,DSH,12-9-5,,,,12-9-5,,,,complete,100%
1204-40-RE-DSH-027,00,Data Sheet for HP Boiler Feed Water Pumps P-4001 A/B/C,,DE,IFR,,MC,TM-OT-9001-T-0075,12-5-29,,,No,2897,1204-Owner-v,15-9-16,,DSH,12-5-29,,,,12-5-29,,,,InProgress,80%
1204-00-EL-REQ-516,00,REQUISITION FOR RADIO SYSTEM,,DE,IFI,,EL,PS-OT-T-0961,20-5-5,,,No,-1,1204-Owner-v,20-5-7,,REQ,20-6-23,,,20-7-6,,,,,InProgress,90%
1204-63-PR-DSH-143,00,Process Instrument Data Sheet for Level Switches,,BE,IFR,,PR,TM-OT-9001-T-0136,12-7-24,,,No,2841,1204-Owner-v,15-9-16,,DSH,19-10-1,,,20-12-30,12-7-24,,,,InProgress,80%
1204-64-PR-DSH-139,00,Process Instrument Data Sheet for Restriction Orifice,,BE,IFR,,PR,TM-OT-9001-T-0136,12-7-24,,,No,2841,1204-Owner-v,15-9-16,,DSH,19-10-1,,,20-10-20,12-7-24,,,,InProgress,80%
1204-00-HS-REQ-157,01,REQUISITION FOR DELUGE VALVES,,DE,IFI,,HSE,PS-OT-T-0850,19-12-24,,,No,132,1204-Owner-v,19-12-29,,REQ,19-12-10,,,19-12-23,,,MT-PS-9301-CS-0254,,InProgress,90%
1204-00-IN-DSH-627,01,DATA SHEET FOR JUNCTION BOXES AND CABLE GLANDS,,DE,IFE,,IN,PS-OT-T-0133,15-11-17,,,No,1630,1204-Owner-v,15-11-18,,DSH,20-8-10,,,20-8-10,,15-11-28,MT-PS-9301-CS-046,,complete,100%
1204-00-IN-REQ-626,00,REQUISITION FOR MOTOR OPERATED VALVES,,DE,IFI,,IN,PS-OT-T-0187,16-1-19,,,No,1567,1204-Owner-v,16-1-21,,REQ,19-12-10,,,19-12-23,16-1-24,16-2-7,MT-PS-9301-CS-101,,InProgress,90%
1204-00-PI-MTO-407A,01,MATERIAL TAKE OFF FOR STRAINER (MTO I),,DE,IFE,,PI,PS-OT-T-0954,20-4-25,,,No,9,1204-Owner-v,20-4-28,,LIST,20-3-1,,,20-3-30,,20-4-7,MT-PS-9609-CS-0327,,complete,100%
1204-00-PI-MTO-461A,04,MATERIAL TAKE OFF FOR U/G PIPES & FITTINGS (MTO I),,DE,IFE,,PI,PS-OT-T-0470,17-8-26,,,No,982,1204-Owner-v,17-8-30,,LIST,17-8-30,,,,17-8-30,17-10-23,MT-PS-9301-CS-260,,complete,100%
1204-20-PR-PID-207,02,PIPING & INSTRUMENTATION DIAGRAM UNIT 200-PURGE GAS WASHING / CRUDE MeOH,,DE,IFC-WH,,PR,PS-OT-T-0659,18-8-5,,,No,638,1204-Owner-v,18-8-8,,EDW,20-6-15,,,20-6-15,18-8-9,,,,InProgress,90%
1204-22-PR-DIG-001,00,CAUSE AND EFFECT DIAGRAM FOR MACHINERY COOLING WATER SYSTEM,,BE,IFR,,PR,TM-OT-9001-T-0310,13-8-6,,,No,2463,1204-TKT-COLANGELI,13-8-6,,LIST,20-3-26,,,20-5-6,,,,,InProgress,90%
1204-00-QC-SOI-213A,01,SCOPE OF INSPECTION FOR CARBON STEEL STORAGE TANKS,,DE,IFP,,QC,PS-OT-T-9999,15-6-14,,,No,32633,,,,SCOPE,20-5-15,,,,,,,,complete,100%
1204-00-PR-UDD-014,01,UTILITY DISTRIBUTION DIAGRAM FOR MACHINERY COOLING WATER DISTRIBUTION SYSTEM,,DE,IFR,,PR,PS-OT-T-0416,17-2-11,,,No,1178,1204-Owner-v,17-2-19,,EDW,20-5-1,,,20-5-1,,,,,InProgress,80%
1204-90-ST-DWG-991,01,"ADMINISTRATION , RESTAURANT & CLINIC BUILDING / STEEL PARTS",,DE,IFC,,ST,TM-OT-9001-T-0341,13-12-18,,,No,2329,1204-TKT-COLANGELI,13-12-16,,CDW,13-12-18,,,,13-12-18,,,,complete,100%
1204-90-HV-DWG-005,01,CONTROL ROOM - HVAC EQUIPMENT ARRANGEMENT & REFRIGERANT PIPING PLAN,,DE,IFC,,HV,TM-OT-9001-T-0278,13-5-17,,,No,2544,1204-TKT-COLANGELI,13-5-17,,CDW,13-5-17,,,,13-5-17,,,,complete,100%
1204-90-HV-DWG-012,02,LABORATORY - SECTION OF DUCTING,,DE,IFC,,HV,PS-OT-T-0007,15-3-11,,,No,1881,1204-Owner-v,15-3-17,,CDW,15-3-11,,,,15-3-11,,,,complete,100%
1204-90-HV-DID-024,03,SUBSTATION - MECHANICAL ROOM GENERAL DIAGRAM,,DE,IFC,,HV,TM-OT-9001-T-0441,15-2-20,,,No,1900,1204-TKT-COLANGELI,15-2-20,,CDW,15-2-20,,,,15-2-20,,,,complete,100%
1204-00-ST-DWG-072,04,PIPE RACK ZONE 11 / CONCRETE STRUCTURE ( G.A. PLANS & DETAILS ),,DE,IFC,,ST,PS-OT-T-0411,17-1-21,,,No,1199,1204-Owner-v,17-1-22,,CDW,17-1-23,,,,17-1-23,,,,complete,100%
1204-90-HV-DSH-068,01,DATA SHEET FOR FRESH AIR FAN & FILTER UNIT FOR TRAINING,,DE,IFE,,HV,TM-OT-9001-T-0452,15-3-6,,,No,1886,1204-TKT-COLANGELI,15-3-4,,DSH,15-3-6,,,,15-3-6,,,,complete,100%
1204-00-QC-CSS-802,00,CONSTRUCTION STANDARD SPECIFICATION FOR NON DESTRUCTIVE TESTING OF PIPING,,DE,IFC,,QC,PS-OT-T-0600,18-4-28,,,No,737,1204-Owner-v,18-4-28,,SPEC,20-5-15,,,,,,,,complete,100%
1204-20-PI-APL-2600,01,PIPING PLAN AREA-26,,DE,IFC-WH,,PI,PS-OT-T-0671,18-8-25,,,No,618,1204-Owner-v,18-8-28,,CDW,20-6-11,,,20-6-11,,,,,InProgress,90%
1204-30-PI-ISO-2800,01,A/G ISOMETRIC DRAWING OF AREA-28,,DE,IFC-WH,,PI,PS-OT-T-0666,18-8-13,,,No,630,1204-Owner-v,18-8-17,,CDW,20-6-11,,,20-6-11,,,,,InProgress,90%
1204-63-PI-ISO-1800,00,A/G ISOMETRIC DRAWING OF AREA-18,,DE,IFR,,PI,PS-OT-T-0165,15-12-30,,,No,1587,1204-Owner-v,16-1-2,,CDW,20-6-4,,,20-6-4,16-1-6,16-5-7,MT-PS-9301-CS-142,,InProgress,80%
1204-64-PI-ISO-3100,00,A/G ISOMETRIC DRAWING OF AREA-31,,DE,IFR,,PI,PS-OT-T-0324,16-8-23,,,No,1350,1204-Owner-v,16-8-24,,CDW,19-12-13,,,20-5-28,16-8-29,,,,InProgress,80%
1204-61-PR-REQ-104,02,REQUISITION FOR AIR SEPARATION UNIT (ASU) (PU-6101),,DE,IFP,,PR,PS-OT-T-0839,19-11-28,,,No,158,1204-Owner-v,19-12-3,,REQ,19-11-28,,,,19-11-28,20-1-20,MT-PS-9301-CS-0243,,complete,100%
1204-10-HM-REQ-251C,01,"REQUSITION FOR CONVECTION COILS FABRICATION , MODULARIZATION& FINING AND CAST PARTS SUPPLY OF CONVECTION SECTION TUBE SHEETS",,DE,IFP,,MD,PS-OT-T-0867,20-1-8,,,No,117,1204-Owner-v,20-1-9,,REQ,19-10-1,,,19-10-14,,20-1-3,MT-PS-9609-CS-0261,,complete,100%
1204-64-PR-DSH-131,00,Process Instrument Data Sheet for Orifice Plate and Flanges,,BE,IFR,,PR,TM-OT-9001-T-0136,12-7-24,,,No,2841,1204-Owner-v,15-9-16,,DSH,19-10-1,,,20-10-20,12-7-24,,,,InProgress,80%
1204-90-HV-DSH-043,01,DATA SHEET FOR CENTRIFUGAL EXHAUST FAN FOR PRAYER ROOM IN ADMINISTRATION,,DE,IFE,,HV,TM-OT-9001-T-0450,15-3-6,,,No,1886,1204-TKT-COLANGELI,15-3-4,,DSH,15-3-6,,,,15-3-6,,,,complete,100%
1204-71-PR-LST-002,00,LINE LIST FOR DAILY METHANOL STORAGE TANKS,,BE,IFR,,PR,TM-OT-9001-T-0297,13-7-3,,,No,2497,1204-TKT-COLANGELI,13-7-2,,LIST,20-3-26,,,20-5-6,13-7-3,,,,InProgress,90%
1204-00-ST-DWG-026,01,PIPE RACK ZONE 3 / CONCRETE STRUCTURE ( R.C. DETAILS II ),,DE,IFC,,ST,PS-OT-T-0032,15-5-4,,,No,1827,1204-Owner-v,15-5-5,,CDW,15-5-4,,,,15-5-4,,,,complete,100%
1204-00-ST-DWG-061,02,PIPE RACK ZONE 9 / CONCRETE STRUCTURE ( R.C. DETAILS I ),,DE,IFC,,ST,PS-OT-T-0122,15-10-26,,,No,1652,1204-Owner-v,15-10-27,,CDW,15-10-28,,,,15-10-28,15-10-31,MT-PS-9301-CS-029,,complete,100%
1204-90-ST-DWG-1032,02,"WAREHOUSE / G.A. , FURNITURE PLAN & SECTIONS",,DE,IFC,,ST,TM-OT-9001-T-0227,13-1-10,,,No,2671,1204-TKT-COLANGELI,13-1-8,,CDW,13-1-10,,,,13-1-10,,,,complete,100%
1204-90-ST-DWG-911,03,CONTROL ROOM & LABORATORY / OPENING & SLEEVE PLAN,,DE,IFC-WH,,ST,TM-OT-9001-T-0390,14-8-13,,,No,2091,1204-TKT-COLANGELI,14-8-12,,CDW,14-8-13,,,,14-8-13,14-8-20,MT-OT-9301-CS-018,,complete,100%
1204-00-HM-REQ-261A,00,REQUISITION FOR PLATE TYPE HEAT EXCHANGER,,DE,IFI,,MD,TM-OT-9001-T-0215,12-12-11,,,No,2701,1204-TKT-COLANGELI,12-12-11,,REQ,20-2-18,,,20-3-2,12-12-11,,,,InProgress,90%
1204-90-ST-DWG-1060,01,FIRE STATION / BEAMS (R.C. DETAILS II ),,DE,IFC,,ST,TM-OT-9001-T-0341,13-12-18,,,No,2329,1204-TKT-COLANGELI,13-12-16,,CDW,13-12-18,,,,13-12-18,,,,complete,100%
1204-90-ST-DWG-972,04,"ADMINISTRATION , RESTAURANT, CLINIC & GUARD HOUSE BUILDING/ FURNITURE PLAN FOR FIRST FLOOR PLAN",,DE,IFR,,ST,PS-OT-T-0863,20-1-2,,,No,123,1204-Owner-v,20-1-3,,CDW,20-3-30,,,20-3-30,,20-2-8,MT-PS-9609-CS-0266,,InProgress,80%
1204-90-ST-DWG-1019,01,WORK SHOP / FRAMES I,,DE,IFC,,ST,TM-OT-9001-T-0234,13-2-5,,,No,2645,1204-TKT-COLANGELI,13-2-5,,CDW,13-2-5,,,,13-2-5,,,,complete,100%
1204-90-ST-DWG-905,03,CONTROL ROOM & LABORATORY / SECTIONS & DETAILS,,DE,IFC,,ST,TM-OT-9001-T-0377,14-6-11,,,No,2154,1204-TKT-COLANGELI,14-6-11,,CDW,14-6-11,,,,14-6-11,14-7-12,MT-OT-9301-CS-012,,complete,100%
1204-90-ST-DWG-964,00,"ADMINISTRATION , RESTAURANT, CLINIC & GUARD HOUSE BUILDING / FDN. (R.C. PLAN & DETAILS IV )",,DE,IFC,,ST,PS-OT-T-0952,20-4-21,,,No,13,1204-Owner-v,20-4-22,,DWG,20-4-21,,,,20-4-21,,,,complete,100%
1204-63-PR-DSH-132,00,Process Instrument Data Sheet for On / Off Valves,,BE,IFR,,PR,TM-OT-9001-T-0136,12-7-24,,,No,2841,1204-Owner-v,15-9-16,,DSH,19-10-1,,,20-12-30,12-7-24,,,,InProgress,80%
1204-63-PR-REQ-108,01,REQUISITION FOR COOLING TOWER,,DE,IFP,,PR,TM-OT-9001-T-0447,15-3-5,,,No,1887,1204-TKT-COLANGELI,15-3-4,,REQ,15-3-5,,,,15-3-5,,,,complete,100%
1204-64-PR-DSH-136,00,PROCESS INSTRUMENT DATA SHEET FOR TEMPERATURE GAUGES,,BE,IFR,,PR,TM-OT-9001-T-0136,12-7-24,,,No,2841,1204-Owner-v,15-9-16,,DSH,19-10-1,,,20-10-20,12-7-24,,,,InProgress,80%
1204-20-PR-PID-201,02,PIPING & INSTRUMENTATION DIAGRAM UNIT 200-SYNTHESIS GAS COMPRESSION,,DE,IFC-WH,,PR,PS-OT-T-0659,18-8-5,,,No,638,1204-Owner-v,18-8-6,,EDW,20-6-15,,,20-6-15,18-8-9,,,,InProgress,90%
1204-22-PR-DSH-136,00,Process Instrument Data Sheet for Level Gauges,,BE,IFR,,PR,TM-OT-9001-T-0134,12-7-13,,,No,2852,1204-Owner-v,15-9-16,,DSH,19-10-1,,,20-11-20,12-7-13,,,,InProgress,80%
1204-30-PR-PID-305,02,PIPING & INSTRUMENTATION DIAGRAM UNIT 300-SECOND REFINING COLUMN,,DE,IFC-WH,,PR,PS-OT-T-0641,18-7-7,,,No,667,1204-Owner-v,18-7-10,,EDW,20-6-15,,,20-6-15,,18-7-10,MT-PS-9609-CS-096,,InProgress,90%
1204-62-PR-DSH-138,00,PROCESS INSTRUMENT DATASHEET FOR TEMPERATURE GAUGES,,BE,IFR,,PR,TM-OT-9001-T-0142,12-8-28,,,No,2806,1204-Owner-v,15-9-16,,DSH,19-10-1,,,20-12-20,12-8-28,,,,InProgress,80%
1204-63-PR-DSH-138,00,Process Instrument Data Sheet for Pressure Transmitters,,BE,IFR,,PR,TM-OT-9001-T-0136,12-7-24,,,No,2841,1204-Owner-v,15-9-16,,DSH,19-10-1,,,20-12-30,12-7-24,,,,InProgress,80%
1204-90-ST-DWG-950,01,SUBSTATION / STEEL STRUCTURE (PLAN),,DE,IFC,,ST,TM-OT-9001-T-0369,14-5-23,,,No,2173,1204-TKT-COLANGELI,14-5-21,,CDW,20-6-30,,,20-6-30,,,,,InProgress,80%
1204-00-QC-SOI-261A,00,Scope of Inspection for PLATE TYPE HEAT EXCHANGER,,DE,IFR,,QC,PS-OT-T-9999,15-12-30,,,No,32633,,,,SCOPE,20-5-15,,,,,,,,InProgress,50%
1204-00-QC-SOI-502,01,SCOPE OF INSPECTION FOR MEDIUM VOLTAGE SWITCHGEARS,,DE,IFP,,QC,PS-OT-T-9999,15-6-14,,,No,32633,,,,SCOPE,20-5-15,,,,,,,,complete,100%
1204-90-ST-DWG-932,02,SUBSTATION / FDN. (R.C. DETAILS II ),,DE,IFC,,ST,TM-OT-9001-T-0345,14-1-7,,,No,2309,1204-TKT-COLANGELI,14-1-7,,CDW,14-1-7,,,,14-1-7,,,,complete,100%
1204-90-ST-DWG-958,01,SUBSTATION / PLUMBING LAYOUT & DETAILS,,DE,IFC,,ST,TM-OT-9001-T-0395,14-9-24,,,No,2049,1204-Owner-v,14-9-22,,CDW,14-9-24,,,,14-9-24,14-9-24,MT-OT-9301-CS-026,,complete,100%
1204-90-ST-DWG-967,04,"ADMINISTRATION , RESTAURANT, CLINIC & GUARD HOUSE BUILDING / FDN. (R.C. PLAN & DETAILS I )",,DE,IFC,,ST,PS-OT-T-0952,20-4-21,,,No,13,1204-Owner-v,20-4-22,,CDW,20-4-21,,,,20-4-21,,,,complete,100%
1204-20-RE-DSH-026,01,DATA SHEET FOR FIRST SATURATOR PUMPS (P-2003 A/B),,DE,IFR,,MC,PS-OT-T-0314,16-7-31,,,No,1373,1204-Owner-v,16-8-3,,DSH,16-7-31,,,,16-7-31,,,,InProgress,80%
1204-00-PR-UDD-013,02,UTILITY DISTRIBUTION DIAGRAM FOR COOLING WATER DISTRIBUTION SYSTEM,,DE,IFC-WH,,PR,PS-OT-T-0575,18-3-6,,,No,790,1204-Owner-v,18-4-7,,EDW,20-5-1,,,20-5-1,18-4-12,18-3-7,MT-PS-9609-CS-043,,InProgress,90%
1204-63-PR-DSH-141,00,Process Instrument Data Sheet for Pressure Switches,,BE,IFR,,PR,TM-OT-9001-T-0136,12-7-24,,,No,2841,1204-Owner-v,15-9-16,,DSH,19-10-1,,,20-12-30,12-7-24,,,,InProgress,80%
1204-00-IN-DWG-012,00,INSTRUMENT FIELD & CABLE LAYOUT (AREA 12),,DE,IFR,,IN,PS-OT-T-0189,16-1-23,,,No,1563,1204-Owner-v,16-1-24,,CDW,20-6-18,,,20-6-18,16-1-27,16-1-30,MT-PS-9301-CS-099,,InProgress,80%
1204-90-ST-DWG-1034,02,WAREHOUSE / FDN.. (R.C. DETAILS II),,DE,IFC,,ST,PS-TM-T-0252,17-9-13,,,No,964,1204-TKT-COLANGELI,13-9-26,,CDW,17-9-13,,,,17-9-13,,,,complete,100%
1204-90-ST-DWG-1037,01,WAREHOUSE/ FRAMINGS PLAN,,DE,IFC,,ST,TM-OT-9001-T-0234,13-2-5,,,No,2645,1204-TKT-COLANGELI,13-2-5,,CDW,13-2-5,,,,13-2-5,,,,complete,100%
1204-90-ST-DWG-1063,00,FIRE STATION / STEEL PARTS,,DE,IFR,,ST,TM-OT-9001-T-0421,14-12-10,,,No,1972,1204-TKT-COLANGELI,14-12-10,,CDW,20-6-30,,,20-6-30,14-12-10,14-12-30,MT-TM-9301-CS-030,,InProgress,80%
1204-90-ST-DWG-1080,02,GUARD HOUSE / FDN. (G.A. & R.C.),,DE,IFC,,ST,TM-OT-9001-T-0377,14-6-11,,,No,2154,1204-TKT-COLANGELI,14-6-11,,CDW,14-6-11,,,,14-6-11,14-7-12,MT-OT-9301-CS-012,,complete,100%
1204-40-PV-DSH-235,01,MECHANICAL DATA SHEET FOR PROCESS CONDENSATE STRIPPER COLUMN (T-4001),,DE,IFE,,MD,PS-OT-T-0833,19-11-13,,,No,173,1204-Owner-v,19-11-27,,DSH,19-11-13,,,,19-11-13,,,,complete,100%
1204-20-PV-DSH-214,02,MECHANICAL DATA SHEET FOR CRUDE METHANOL SEPARATOR (D-2001),,DE,IFE,,MD,TM-OT-9001-T-0214,12-12-11,,,No,2701,1204-TKT-COLANGELI,12-12-11,,DSH,12-12-11,,,,12-12-11,,,,complete,100%
1204-30-PV-DSH-216,02,MECHANICAL DATA SHEET FOR TOPPING COLUMN REFLUX DRUM (D-3001),,DE,IFE,,MD,PS-OT-T-0833,19-11-13,,,No,173,1204-Owner-v,19-11-27,,DSH,19-11-13,,,,,,,,complete,100%
1204-90-HV-DSH-015,00,DATA SHEET FOR CENTRIFUGAL EXHAUST FAN FOR LOCKER & SHOWER  IN LABORATORY,,DE,IFE,,HV,TM-OT-9001-T-0316,13-9-11,,,No,2427,1204-TKT-COLANGELI,13-9-9,,DSH,13-9-11,,,,13-9-11,,,,InProgress,80%
1204-00-ST-DWG-059,01,PIPE RACK ZONE 9 / FDN. (G.A. & R.C.),,DE,IFC,,ST,PS-OT-T-0034,15-5-6,,,No,1825,1204-Owner-v,15-5-7,,CDW,15-5-6,,,,15-5-6,,,,complete,100%
1204-00-ST-TBA-740A,00,TECHNICAL BID ANALYSIS FOR FABRICATION & SUPPLY OF STEEL STRUCTURES (PART A),,DE,IFE,,ST,PS-OT-T-0370,16-11-19,,,No,1262,1204-Owner-v,16-11-22,,TBA,16-11-25,,,,16-11-25,,,,complete,100%
1204-20-ST-DWG-244,02,C-2001 / FDN. (G.A. & R.C.),,DE,IFC-WH,,ST,PS-OT-T-0642,18-7-8,,,No,666,1204-Owner-v,18-7-10,,CDW,20-6-30,,,20-6-30,18-8-6,18-7-10,MT-PS-9609-CS-094,,complete,100%
1204-90-ST-DWG-918,05,"CONTROL ROOM & LABORATORY / WALLS (G.A. , R.C. & DETAILS I )",,DE,IFC,,ST,TM-OT-9001-T-0405,14-10-31,,,No,2012,1204-TKT-COLANGELI,14-10-31,,CDW,14-8-20,,,,14-8-20,,MT-OT-9301-CS-018,,complete,100%
1204-90-ST-MTO-1046,01,MATERIAL TAKE OFF FOR WAREHOUSE / ARCHITECTURAL,,DE,IFE,,ST,TM-OT-9001-T-0408,14-11-6,,,No,2006,1204-TKT-COLANGELI,14-11-6,,LIST,14-11-6,,,,14-11-6,14-12-30,MT-TM-9301-CS-027,,complete,100%
1204-30-PV-DSH-219,02,MECHANICAL DATA SHEET FOR SECOND REFINING COLUMN REFLUX DRUM (D-3004),,DE,IFE,,MD,PS-OT-T-0833,19-11-13,,,No,173,1204-Owner-v,19-11-27,,DSH,19-11-13,,,,,,,,complete,100%
1204-64-ST-DWG-714,02,TK-6402 / FDN. (G.A. & R.C.),,DE,IFC,,ST,TM-OT-9001-T-0364,14-5-6,,,No,2190,1204-TKT-COLANGELI,14-5-6,,CDW,14-5-6,,,,14-5-6,,,,complete,100%
1204-00-HM-TBA-260,00,TECHNICAL BID ANALYSIS FOR DOUBLE PIPE HEAT EXCHANGERS,,DE,IFE,,MD,PS-OT-T-0468,17-8-19,,,No,989,1204-Owner-v,17-8-27,,TBA,17-8-22,,,,17-8-22,17-9-25,MT-PS-9301-CS-245,,complete,100%
1204-30-HM-DSH-247,00,MECHANICAL DATA SHEET FOR TOPPING COLUMN ADDITIONAL REBOILER (E-3013),,DE,IFR,,MD,TM-OT-9001-T-0333,13-11-6,,,No,2371,1204-TKT-COLANGELI,13-11-6,,DSH,13-11-6,,,,13-11-6,,,,complete,100%
1204-90-HV-DSH-021,01,DATA SHEET FOR AIR CONDENSER FOR SUBSTATION,,DE,IFE,,HV,PS-OT-T-0566,18-2-25,,,No,799,1204-Owner-v,18-2-26,,DSH,18-2-26,,,,18-2-26,18-3-4,MT-PS-9609-CS-037,,complete,100%
1204-90-HV-DSH-104,02,DATA SHEET FOR BLAST PROTECTION VALVE FOR PRD IN AUXILIARY ROOM IN CONTROL BUILDING,,DE,IFE,,HV,TM-OT-9001-T-0383,14-7-7,,,No,2128,1204-TKT-COLANGELI,14-7-7,,DSH,14-7-7,,,,14-7-7,14-11-22,MT-TM-9301-CS-014,,complete,100%
1204-90-HV-DSH-210,01,DATA SHEET FOR MOTORIZED FIRE DAMPER FOR LABORATORY,,DE,IFE,,HV,PS-OT-T-0259,16-5-10,,,No,1455,1204-Owner-v,16-5-14,,DSH,16-5-10,,,,16-5-10,,,,complete,100%
1204-90-HV-DSH-107,02,DATA SHEET FOR BLAST PROTECTION VALVE FOR LOUVER IN BATTERY ROOM IN CONTROL BUILDING,,DE,IFE,,HV,TM-OT-9001-T-0383,14-7-7,,,No,2128,1204-TKT-COLANGELI,14-7-7,,DSH,14-7-7,,,,14-7-7,14-11-22,MT-TM-9301-CS-014,,complete,100%
1204-90-HS-LST-006,01,SAFETY EQUIPMENT LIST FOR FIRE STATION,,DE,IFC-WH,,HSE,PS-OT-T-0101,15-9-13,,,No,1695,1204-Owner-v,15-9-14,,LIST,15-9-13,,,,15-9-13,15-10-31,MT-PS-9301-CS-035,,complete,100%
1204-90-HS-LST-007,01,SAFETY EQUIPMENT LIST FOR GUARD HOUSE,,DE,IFC-WH,,HSE,PS-OT-T-0101,15-9-13,,,No,1695,1204-Owner-v,15-9-14,,LIST,15-9-13,,,,15-9-13,15-10-31,MT-PS-9301-CS-035,,complete,100%
1204-90-HS-LST-009,02,SAFETY EQUIPMENT LIST FOR WAREHOUSE,,DE,IFE,,HSE,PS-OT-T-376,16-12-12,,,No,1239,1204-Owner-v,16-12-24,,LIST,16-12-12,,,,16-12-12,,,,complete,100%
1204-10-QC-SOI-251B,00,SCOPE OF INSPECTION FOR STEEL WORK SUPPLY AND SHOP PREFABRICATION (FURNACE),,DE,IFI,,QC,PS-OT-T-9999,15-6-14,,,No,32633,1204-Owner-v,20-5-7,,SCOPE,20-5-15,,,,,,,,complete,100%
1204-64-PI-LST-3000,00,A/G ISOMETRIC LIST OF AREA-30,,DE,IFR,,PI,PS-OT-T-0071,15-7-5,,,No,1765,1204-Owner-v,15-7-5,,CDW,20-6-4,,,20-6-4,15-7-5,15-8-29,MT-PS-9301-CS-011,,InProgress,80%
1204-90-HV-DSH-003,03,DATA SHEET FOR FRESH AIR FAN & FILTER UNIT FOR CONTROL BUILDING,,DE,IFE,,HV,PS-OT-T-0006,15-3-9,,,No,1883,1204-Owner-v,15-3-17,,DSH,15-3-9,,,,15-3-9,,,,complete,100%
1204-90-HV-DSH-203,02,DATA SHEET FOR NON RETURN DAMPER FOR CONTROL BUILDING,,DE,IFE,,HV,TM-OT-9001-T-0443,15-2-24,,,No,1896,1204-TKT-COLANGELI,15-2-24,,DSH,15-2-24,,,,15-2-24,,,,complete,100%
1204-90-HV-DSH-026,00,DATA SHEET FOR CENTRIFUGAL EXHAUST FAN FOR PDCS CO2 REMOVAL IN SUBSTATION,,DE,IFE,,HV,TM-OT-9001-T-0316,13-9-11,,,No,2427,1204-TKT-COLANGELI,13-9-9,,DSH,13-9-11,,,,13-9-11,,,,InProgress,80%
1204-00-ST-DWG-077,01,PIPE RACK ZONE 12 / FDN. (G.A. & R.C.),,DE,IFC,,ST,PS-OT-T-0929,20-3-7,,,No,58,1204-Owner-v,20-3-9,,CDW,20-3-31,,,20-5-18,,20-3-25,MT-PS-9609-CS-0317,,complete,100%
1204-00-HS-LST-006,00,EQUIPMENT LIST WITH HAZARDOUS CLASSIFICATION FOR UTILITY & OFFSITE,,DE,IFR,,HSE,TM-OT-9001-T-0268,13-5-2,,,No,2559,1204-Owner-v,15-4-19,,LIST,20-7-15,,,20-7-15,13-5-2,,,,InProgress,90%
1204-90-HV-DSH-024,00,DATA SHEET FOR CENTRIFUGAL EXHAUST FAN FOR MV SGR. CO2 REMOVAL IN SUBSTATION,,DE,IFE,,HV,TM-OT-9001-T-0316,13-9-11,,,No,2427,1204-TKT-COLANGELI,13-9-9,,DSH,13-9-11,,,,13-9-11,,,,InProgress,80%
1204-90-ST-DWG-1009,01,SUBSTATION / MISCELLANEOUS DETAILS,,DE,IFC,,ST,TM-OT-9001-T-0368,14-5-20,,,No,2176,1204-TKT-COLANGELI,14-5-20,,CDW,14-5-20,,,,14-5-20,,,,complete,100%
1204-30-PI-ISO-2300,01,A/G ISOMETRIC DRAWING OF AREA-23,,DE,IFC-WH,,PI,PS-OT-T-0651,18-7-23,,,No,651,1204-Owner-v,18-7-28,,CDW,20-6-11,,,20-6-11,,18-8-4,MT-PS-9609-CS-105,,InProgress,90%
1204-30-PI-UPL-6700,02,UNDER GROUND PIPING PLAN AREA-67,,DE,IFC-WH,,PI,PS-OT-T-0650,18-7-23,,,No,651,1204-Owner-v,18-7-29,,CDW,18-7-31,,,,18-7-31,18-7-29,MT-PS-9609-CS-102,,InProgress,90%
1204-00-PI-TBA-461A,02,TECHNICAL BID ANALYSIS FOR U/G PIPES & FITTINGS(MTO I),,DE,IFE,,PI,PS-OT-T-0350,16-10-10,,,No,1302,1204-Owner-v,16-10-15,,TBA,16-10-19,,,,16-10-19,16-10-23,MT-PS-9301-CS-192,,complete,100%
1204-71-PI-LST-7400,03,U/G ISOMETRIC LIST OF AREA-74,,DE,IFC-WH,,PI,PS-OT-T-0598,18-4-25,,,No,740,1204-Owner-v,18-4-30,,CDW,20-6-30,,,20-6-30,18-5-3,,,,InProgress,90%
1204-72-PI-LST-7300,03,U/G ISOMETRIC LIST OF AREA-73,,DE,IFC-WH,,PI,PS-OT-T-0599,18-4-25,,,No,740,1204-Owner-v,18-4-30,,CDW,20-6-30,,,20-6-30,18-5-3,,,,complete,100%
1204-00-QC-SOI-461A,00,SCOPE OF INSPECTION FOR PIPE & FITTINGS A (UG),,DE,IFI,,QC,PS-OT-T-9999,15-6-14,,,No,32633,,,,SCOPE,20-5-15,,,,,,,,complete,100%
1204-00-IN-MSS-602,00,MATERIAL STANDARD SPECIFICATION FOR EMERGENCY SHUTDOWN SYSTEM(ESD),,DE,IFR,,IN,PS-OT-T-371,16-11-23,,,No,1258,1204-Owner-v,16-11-26,,SPEC,20-3-30,,,20-3-30,17-4-18,17-5-16,MT-PS-9301-CS-214-1,,InProgress,80%
1204-04-EL-SLD-064,00,SINGLE LINE DIAGRAM FOR 04-LP-01,,DE,IFR,,EL,PS-OT-T-0297,16-6-25,16-7-21,,Yes,12,1204-Owner-v,16-6-28,,CDW,20-10-10,,,20-10-10,16-7-2,16-6-25,MT-PS-9301-CS-169,,InProgress,80%
1204-30-ST-DWG-316,01,"STRUCTURE ""G"" FOR E-3013 / FDN. & STRUCTURE (PLAN & SECTIONS & DETS.)",,DE,IFC,,ST,PS-OT-T-0295,16-6-22,,,No,1412,1204-Owner-v,16-6-25,,CDW,16-6-22,,,,16-6-22,16-6-25,MT-PS-9301-CS-166,,complete,100%
1204-00-ST-DWG-1145,02,VB-6303 / R.C. DETAILS,,DE,IFC,,ST,PS-OT-T-0571,18-3-5,,,No,791,1204-Owner-v,18-3-12,,CDW,18-3-13,,,,18-3-13,18-3-7,MT-PS-9609-CS-041-R,,complete,100%
1204-61-ST-DWG-552,00,ASU (AE-6187) / CONCRETE STRUCTURE (R.C. DETAILS),,DE,IFR,,ST,PS-OT-T-0653,18-7-23,,,No,651,1204-Owner-v,18-7-30,,CDW,18-7-23,,,,18-7-23,18-8-4,MT-PS-9609-CS-104,,InProgress,80%
1204-10-ST-DWG-156,01,REFORMER (VERTICAL CONVECTION SECTION) FDN. (G.A.),,DE,IFC,,ST,PS-OT-T-0675,18-9-5,,,No,607,1204-Owner-v,18-9-11,,CDW,18-9-5,,,,18-9-5,,,,complete,100%
1204-10-HM-REQ-251R,00,REQUSITION FOR SUPPLY OF REFRACTORIES FOR PRIMARY REFORMER PACKAGE (INCLUDING ANCHORS AND DESIGN/LAYOUT DRAWINGS),,DE,IFI,,MD,PS-OT-T-0801,19-6-9,,,No,330,1204-Owner-v,19-6-12,,REQ,20-6-9,,,20-6-22,,,,,InProgress,90%
1204-90-ST-DWG-963,02,"ADMINISTRATION , RESTAURANT, CLINIC & GUARD HOUSE BUILDING / FDN. (R.C. PLAN & DETAILS III )",,DE,IFC,,ST,PS-OT-T-0956,20-4-27,,,No,7,1204-Owner-v,20-4-29,,DWG,20-4-27,,,,20-4-27,,,,complete,100%
1204-00-EL-REQ-527,00,REQUISITION FOR LIGHTING POLES,,DE,IFI,,EL,PS-OT-T-0732,18-12-22,,,No,499,1204-Owner-v,18-12-23,,REQ,20-9-17,,,20-9-23,,,,,InProgress,90%
1204-72-RE-DSH-056,03,DATA SHEET FOR CRUDE METHANOL TRANSFER PUMPS (P-7201 A/B/C),,DE,IFR,,MC,PS-OT-T-0877,20-2-3,,,No,91,1204-Owner-v,20-2-5,,DSH,20-2-3,,,,20-2-3,20-2-27,MT-PS-9301-CS-0263-1,,InProgress,80%
1204-90-HV-DSH-101,02,DATA SHEET FOR BLAST PROTECTION VALVE FOR EXHAUST FAN IN BATTERY ROOM IN CONTROL BUILDING,,DE,IFE,,HV,TM-OT-9001-T-0383,14-7-7,,,No,2128,1204-TKT-COLANGELI,14-7-7,,DSH,14-7-7,,,,14-7-7,14-11-22,MT-TM-9301-CS-014,,complete,100%
1204-90-HV-DWG-025,03,SUBSTATION - HVAC EQUIPMENT ARRANGEMENT & REFRIGERANT PIPING PLAN,,DE,IFC,,HV,TM-OT-9001-T-0441,15-2-20,,,No,1900,1204-TKT-COLANGELI,15-2-20,,CDW,15-2-20,,,,15-2-20,,,,complete,100%
1204-90-HV-DWG-091,01,WAREHOUSE - HVAC SYSTEM LAYOUT,,DE,IFC,,HV,TM-OT-9001-T-0290,13-6-7,,,No,2523,1204-TKT-COLANGELI,13-6-4,,CDW,13-6-7,,,,13-6-7,,,,complete,100%
1204-90-HV-DID-064,02,CLINIC AND TRAINING - MECHANICAL ROOM GENERAL DIAGRAM,,DE,IFC,,HV,PS-TM-T-0386,15-1-15,,,No,-2812,1204-Owner-v,15-4-18,,CDW,15-1-15,,,,15-1-15,14-10-19,,,complete,100%
1204-90-HV-DSH-240,01,DATA SHEET FOR MOTORIZED FIRE DAMPER FOR ADMINISTRATION,,DE,IFE,,HV,PS-OT-T-0259,16-5-10,,,No,1455,1204-Owner-v,16-5-14,,DSH,16-5-10,,,,16-5-10,,,,complete,100%
1204-00-ST-DWG-037,00,PIPE RACK ZONE 5 / R.C. DETAILS,,DE,IFR,,ST,TM-OT-9001-T-0286,13-6-5,,,No,2525,1204-TKT-COLANGELI,13-6-4,,CDW,20-6-3,,,20-8-12,13-6-5,,,,InProgress,80%
1204-00-ST-DWG-043,02,PIPE RACK ZONE 6 / CONCRETE STRUCTURE ( R.C. DETAILS I ),,DE,IFC,,ST,PS-OT-T-0126,15-11-4,,,No,1643,1204-Owner-v,15-11-5,,CDW,15-11-16,,,,15-11-16,15-11-8,MT-PS-9301-CS-040,,complete,100%
1204-10-PV-TBA-202F,02,"TECHNICAL BID ANALYSIS FOR STEAM DRUM, STEAM GENERATOR AND STEAM SUPER HEATER PACKAGE",,DE,IFE,,MD,PS-OT-T-0166,15-12-30,,,No,1587,1204-Owner-v,16-1-2,,TBA,19-12-17,,,20-1-6,16-1-6,16-1-17,MT-PS-9301-CS-088,,complete,100%
1204-10-QC-SOI-202F,00,"SCOPE OF INSPECTION FOR STEAM DRUM, STEAM GENERATOR AND STEAM SUPER HEATER PACKAGE",,DE,IFI,,QC,PS-OT-T-9999,15-6-14,,,No,32633,,,,SCOPE,20-5-15,,,,,,,,complete,100%
1204-00-HS-DWG-006,00,BLOCK DIAGRAM FOR FIRE/GAS ALARM & FIRE FIGHTING SYSTEM,,DE,IFR,,HSE,PS-OT-T-0713,18-11-4,,,No,547,1204-Owner-v,18-11-6,,EDW,20-7-1,,,20-7-1,,,,,InProgress,80%
1204-10-ST-DWG-163,01,"STRUCTURE FOR WHB, ATR, E-1003A/B & D-4001A/B / COMBINED FDN. (R.C. & DETAILS II)",,DE,IFC,,ST,PS-OT-T-0704,18-10-21,,,No,561,1204-Owner-v,18-10-24,,CDW,18-10-21,,,,18-10-21,,,,complete,100%
1204-30-PV-DSH-222,00,Mechanical data sheet for second Condensate Separator (D-3007),,DE,IFR,,MD,TM-OT-9001-T-0114,12-6-13,,,No,2882,1204-Owner-v,15-9-16,,DSH,12-6-13,,,,12-6-13,,,,complete,100%
1204-20-HM-DSH-234,00,MECHANICAL DATA SHEET FOR BFW COOLER (E-2004),,DE,IFR,,MD,TM-OT-9001-T-0333,13-11-6,,,No,2371,1204-TKT-COLANGELI,13-11-6,,DSH,13-11-6,,,,13-11-6,,,,complete,100%
1204-90-HV-DSH-004,03,DATA SHEET FOR CENTRIFUGAL EXHAUST FAN FOR BATTERY ROOM IN CONTROL BUILDING,,DE,IFE,,HV,PS-OT-T-0006,15-3-9,,,No,1883,1204-Owner-v,15-3-17,,DSH,15-3-9,,,,15-3-9,,,,complete,100%
1204-90-HV-DSH-053,00,DATA SHEET FOR CENTRIFUGAL EXHAUST FAN FOR KITCHEN IN RESTAURANT,,DE,IFE,,HV,TM-OT-9001-T-0316,13-9-11,,,No,2427,1204-TKT-COLANGELI,13-9-10,,DSH,13-9-11,,,,13-9-11,,,,InProgress,80%
1204-00-ST-DWG-029,02,PIPE RACK ZONE 4 / FDN. (G.A. & R.C.),,DE,IFC,,ST,TM-OT-9001-T-0402,14-10-30,,,No,2013,1204-TKT-COLANGELI,14-10-29,,CDW,14-10-30,,,,14-10-30,14-11-11,MT-TM-9301-CS-006,,complete,100%
1204-00-QC-CSS-801,01,CONSTRUCTION STANDARD SPECIFICATION FOR WELDING & HEAT TREATMENT OF PIPING,,DE,IFC,,QC,PS-OT-T-0600,18-4-28,,,No,737,1204-Owner-v,18-4-28,,SPEC,18-4-28,,,,,,,,complete,100%
1204-00-IN-CAL-002,00,CALCULATION SHEET FOR FLOW ELEMENTS,,DE,IFR,,IN,TM-OT-9001-T-0294,13-7-1,,,No,2499,1204-Owner-v,15-9-16,,CAL,20-5-15,,,,,,,,InProgress,50%
1204-90-HV-DSH-083,01,DATA SHEET FOR WALL TYPE EXHAUST FAN FOR TOILET IN WORKSHOP,,DE,IFE,,HV,TM-OT-9001-T-0452,15-3-6,,,No,1886,1204-TKT-COLANGELI,15-3-4,,DSH,15-3-6,,,,15-3-6,,,,complete,100%
1204-71-PI-APL-3300,00,PIPING PLAN AREA-33,,DE,IFR,,PI,TM-OT-9001-T-0427,15-1-12,,,No,1939,1204-TKT-COLANGELI,15-1-12,,CDW,19-12-13,,,20-5-28,15-1-12,,,,InProgress,80%
1204-00-ST-DWG-1115,01,PIPE CULVERT /  R.C. DETAILS (II),,DE,IFC,,ST,PS-OT-T-0022,15-4-18,,,No,1843,1204-Owner-v,15-4-19,,CDW,15-4-18,,,,15-4-18,,,,complete,100%
1204-00-PI-APL-4000,00,PIPING PLAN AREA-40,,DE,IFR,,PI,PS-OT-T-0344,16-10-2,,,No,1310,1204-Owner-v,16-10-4,,CDW,20-6-11,,,20-6-11,16-10-10,,,,InProgress,80%
1204-61-PR-TBA-104,02,TECHNICAL BID ANALYSIS FOR AIR SEPARATION UNIT (ASU) (PU-6101),,DE,IFE,,PR,PS-OT-T-0783,19-4-17,,,No,383,1204-Owner-v,19-4-18,,TBA,19-4-22,,,,19-4-22,,,,complete,100%
1204-00-IN-DWG-040,00,INSTRUMENT FIELD & CABLE LAYOUT (AREA 40),,DE,IFR,,IN,PS-OT-T-359,16-11-12,,,No,1269,1204-Owner-v,16-11-16,,CDW,20-6-25,,,20-6-25,16-11-18,16-11-26,MT-PS-9301-CS-197-R,,InProgress,80%
1204-65-ST-DWG-725,01,D-6501 / FDN. (G.A. & R.C.),,DE,IFC,,ST,PS-OT-T-0389,16-12-21,,,No,1230,1204-Owner-v,16-12-24,,CDW,16-12-21,,,,16-12-21,,,,complete,100%
1204-90-HV-DSH-051,00,DATA SHEET FOR AIR CONDENSER FOR RESTAURANT,,DE,IFE,,HV,TM-OT-9001-T-0316,13-9-11,,,No,2427,1204-TKT-COLANGELI,13-9-10,,DSH,13-9-11,,,,13-9-11,,,,InProgress,80%
1204-90-HV-DSH-072,01,DATA SHEET FOR WALL TYPE EXHAUST FAN FOR BATH ROOM IN GUARD HOUSE,,DE,IFE,,HV,PS-OT-T-0010,15-3-11,,,No,1881,1204-TKT-COLANGELI,15-3-4,,DSH,15-3-11,,,,15-3-11,,,,complete,100%
1204-90-HV-DWG-051,02,RESTAURANT - DUCTING LAYOUT,,DE,IFC,,HV,PS-TM-T-0386,15-1-15,,,No,-2812,1204-Owner-v,15-4-18,,CDW,15-1-15,,,,15-1-15,,,,complete,100%
1204-90-HV-DSH-084,01,DATA SHEET FOR WALL TYPE EXHAUST FAN FOR STORE IN WORKSHOP,,DE,IFE,,HV,TM-OT-9001-T-0452,15-3-6,,,No,1886,1204-TKT-COLANGELI,15-3-4,,DSH,15-3-6,,,,15-3-6,,,,complete,100%
1204-00-ST-DWG-035,00,PIPE RACK ZONE 5 / FDN. (G.A. & R.C.),,DE,IFR,,ST,TM-OT-9001-T-0286,13-6-5,,,No,2525,1204-TKT-COLANGELI,13-6-4,,CDW,20-6-3,,,20-8-12,,,,,InProgress,80%
1204-00-ST-DWG-050,00,PIPE RACK ZONE 7 / CONCRETE STRUCTURE ( R.C. DETAILS II ),,DE,IFC,,ST,PS-OT-T-0087,15-8-5,,,No,1734,1204-Owner-v,15-8-6,,CDW,15-8-5,,,,15-8-5,,,,complete,100%
1204-20-PR-PID-208,02,PIPING & INSTRUMENTATION DIAGRAM UNIT 200-HYDROGEN RECOVERY UNIT,,DE,IFC-WH,,PR,PS-OT-T-0659,18-8-5,,,No,638,1204-Owner-v,18-8-8,,EDW,20-6-15,,,20-6-15,18-8-9,,,,InProgress,90%
1204-90-HV-DSH-310,01,DATA SHEET FOR FRESH AIR FAN & FILTER UNIT FOR LABORATORY,,DE,IFE,,HV,TM-OT-9001-T-0443,15-2-24,,,No,1896,1204-TKT-COLANGELI,15-2-24,,DSH,15-2-24,,,,15-2-24,,,,complete,100%
1204-90-ST-DWG-1007,01,CONTROL ROOM & LABORATORY / STAIRS,,DE,IFC,,ST,TM-OT-9001-T-0347,14-1-22,,,No,2294,1204-Owner-v,15-9-16,,CDW,14-1-22,,,,14-1-22,,,,complete,100%
1204-30-PI-ISO-2200,01,A/G ISOMETRIC DRAWING OF AREA-22,,DE,IFC-WH,,PI,PS-OT-T-0661,18-8-5,,,No,638,1204-Owner-v,18-8-14,,CDW,20-6-11,,,20-6-11,,,,,InProgress,90%
1204-90-HV-DWG-053,01,RESTAURANT - DUCT SUPPORTING AND OPENING LOCATION,,DE,IFC,,HV,TM-OT-9001-T-0380,14-7-1,,,No,2134,1204-TKT-COLANGELI,14-7-1,,CDW,14-7-1,,,,14-7-1,,,,complete,100%
1204-90-HV-DWG-055,00,RESTAURANT - HVAC EQUIPMENT ARRANGEMENT & REFRIGERANT PIPING PLAN,,DE,IFE,,HV,TM-OT-9001-T-0381,14-7-3,,,No,2132,1204-TKT-COLANGELI,14-7-3,,CDW,14-7-3,,,,14-7-3,,,,complete,100%
1204-90-HV-DSH-093,01,DATA SHEET FOR SOUTH WALL TYPE EXHAUST FAN FOR GF TOILET IN WAREHOUSE,,DE,IFE,,HV,TM-OT-9001-T-0443,15-2-24,,,No,1896,1204-TKT-COLANGELI,15-2-24,,DSH,15-2-24,,,,15-2-24,,,,complete,100%
1204-90-HV-DSH-055,00,DATA SHEET FOR CENTRIFUGAL EXHAUST FAN FOR KITCHEN IN RESTAURANT,,DE,IFE,,HV,TM-OT-9001-T-0316,13-9-11,,,No,2427,1204-TKT-COLANGELI,13-9-10,,DSH,13-9-11,,,,13-9-11,,,,InProgress,80%
1204-22-PI-LST-1900,00,A/G ISOMETRIC LIST OF AREA-19,,DE,IFR,,PI,PS-OT-T-0195,16-2-13,,,No,1542,1204-Owner-v,16-2-15,,CDW,20-6-4,,,20-6-4,16-2-20,,,,InProgress,80%
1204-00-PI-REQ-462A,01,REQUISITION FOR U/G FLANGES(MTO I),,DE,IFP,,PI,PS-OT-T-0404,17-1-15,,,No,1205,1204-Owner-v,17-6-10,,REQ,17-1-15,,,,17-1-15,,,,complete,100%
1204-00-IN-DIG-005,01,OVERAL CONTROL SYSTEM  BLOCK DIAGRAM,,DE,IFR,,IN,PS-OT-T-480,17-9-3,,,No,974,1204-Owner-v,17-9-4,,EDW,21-2-20,,,21-2-20,17-10-2,17-10-2,MT-PS-9301-CS-238-R,,InProgress,80%
1204-00-IN-MSS-601,00,MATERIAL STANDARD SPECIFICATION FOR FIELDBUS CONTROL SYSTEM(FCS),,DE,IFR,,IN,PS-OT-T-371,16-11-23,,,No,1258,1204-Owner-v,16-11-26,,SPEC,20-3-30,,,20-3-30,17-4-18,17-5-16,MT-PS-9301-CS-214-1,,InProgress,80%
1204-00-PV-TBA-201A,00,TECHNICAL BID ANALYSIS FOR REACTORS,,DE,IFE,,MD,PS-OT-T-0224,16-3-16,,,No,1510,1204-Owner-v,16-3-16,,TBA,16-3-17,,,,16-3-17,16-4-18,MT-PS-9301-CS-127,,complete,100%
1204-00-IN-DWG-036,00,INSTRUMENT FIELD & CABLE LAYOUT (AREA 36),,DE,IFR,,IN,PS-OT-T-357,16-11-2,,,No,1279,1204-Owner-v,16-11-9,,CDW,20-6-24,,,20-6-24,16-11-11,16-11-21,MT-PS-9301-CS-195,,InProgress,80%
1204-00-EL-MSS-508,01,MATERIAL STANDARD SPECIFICATION FOR ELECTRICAL PANEL BOARDS,,DE,IFE,,EL,TM-OT-9001-T-0417,14-12-3,,,No,1979,1204-TKT-COLANGELI,14-12-3,,SPEC,14-12-3,,,,14-12-3,14-12-31,MT-TM-9301-CS-032,,complete,100%
1204-00-EL-MSS-516,01,MATERIAL STANDARD SPECIFICATION FOR RADIO SYSTEM,,DE,IFE,,EL,TM-OT-9001-T-0414,14-12-3,,,No,1979,1204-TKT-COLANGELI,14-12-3,,SPEC,14-12-3,,,,14-12-3,,,,complete,100%
1204-00-IN-ESS-601,01,ENGINEERING STANDARD SPECIFICATION FOR INSTRUMENTATION,,DE,IFE,,IN,PS-OT-T-0062,15-6-16,,,No,1784,1204-Owner-v,15-6-17,,SPEC,15-6-16,,,,15-6-16,,,,complete,100%
1204-71-PR-DBS-101,01,BASIC ENGINEERING DESIGN BASIS FOR DAILY METHANOL STORAGE TANKS,,BE/DE,IFE,,PR,TM-OT-9001-T-0297,13-7-3,,,No,2497,1204-TKT-COLANGELI,13-7-2,,EDW,13-7-3,,,,13-7-3,,,,complete,100%
1204-00-MC-MSS-004,00,Matreial Standard Specification for Centrifugal Pumps,,DE,IFR,,MC,TM-OT-9001-T-0133,12-7-12,,,No,2853,1204-Owner-v,15-4-15,,SPEC,20-4-20,,,20-4-20,,,,,InProgress,80%
1204-00-EL-MSS-515,01,MATERIAL STANDARD SPECIFICATION FOR ELECTRICAL HEAT TRACING,,DE,IFE,,EL,TM-OT-9001-T-0414,14-12-3,,,No,1979,1204-TKT-COLANGELI,14-12-3,,SPEC,14-12-3,,,,14-12-3,14-12-31,MT-TM-9301-CS-031,,complete,100%
1204-00-EL-MSS-517,01,MATERIAL STANDARD SPECIFICATION FOR VARIABLE SPEED DRIVES,,DE,IFE,,EL,TM-OT-9001-T-0414,14-12-3,,,No,1979,1204-TKT-COLANGELI,14-12-3,,SPEC,14-12-3,,,,14-12-3,,,,complete,100%
1204-00-IN-ESS-602,01,ENGINEERING STANDARD SPECIFICATION FOR INSTRUMENT ACCESSIBILITY GUIDELINES,,DE,IFE,,IN,PS-OT-T-0050,15-5-26,,,No,1805,1204-Owner-v,15-5-27,,SPEC,15-5-26,,,,15-5-26,,,,complete,100%
1204-00-ST-SDG-764,00,Standard Drawing for Road Cross Section Details,,DE,IFR,,ST,TM-OT-9001-T-0112,12-6-13,,,No,2882,1204-Owner-v,15-8-27,,SPEC,20-3-30,,,20-3-30,,,,,InProgress,80%
1204-00-ST-ESS-739,01,ENGINEERING STANDARD SPECIFICATION FOR ROAD AND PAVEMENT,,DE,IFC,,ST,TM-OT-9001-T-0424,14-12-19,,,No,1963,1204-TKT-COLANGELI,14-12-17,,SPEC,14-12-19,,,,14-12-19,,,,complete,100%
1204-63-PR-DSH-101,02,PROCESS DATA SHEET FOR COOLING TOWER (PU-6301),,BE,IFE,,PR,PS-OT-T-0004,15-3-3,,,No,1889,1204-Owner-v,15-6-15,,DSH,15-3-3,,,,15-3-3,,,,complete,100%
1204-00-EL-DSH-5033,01,"DATA SHEET FOR LV SWITCHGEAR  (MS-SWB3A,B-03)",,DE,IFR,,EL,PS-OT-T-0527,18-1-1,18-2-12,,Yes,28,1204-Owner-v,18-1-2,,DSH,20-5-12,,,20-5-12,18-1-27,18-5-31,MT-PS-9609-CS-013-R,,InProgress,80%
1204-00-EL-DWG-006,02,OVERALL ROAD LIGHTING LAYOUT,,DE,IFR,,EL,PS-OT-T-0765,19-3-13,,,No,418,1204-Owner-v,19-3-13,,CDW,20-8-30,,,20-8-30,,,,,InProgress,80%
1204-00-PI-ESS-405,01,ENGINEERING STANDARD SPECIFICATION FOR PIPING DESIGN REQUIREMENT,,DE,IFE,,PI,TM-OT-9001-T-0370,14-5-23,,,No,2173,1204-TKT-COLANGELI,14-5-22,,SPEC,20-5-1,,,20-5-1,,,,,InProgress,80%
1204-64-PR-DSH-111,00,Data Sheet For Caustic Transfer Pumps (P-6404 A/b),,BE,IFR,,PR,TM-OT-9001-T-0011,11-6-1,,,No,3260,1204-TKT-proietti,11-5-30,,DSH,20-5-1,,,20-6-30,11-6-1,,,,InProgress,80%
1204-00-HS-ESS-151,02,ENGINEERING STANDARD SPECIFICATION FOR FIRE PROTECTION SYSTEM,,DE,IFE,,HSE,PS-OT-T-0024,15-4-20,,,No,1841,1204-Owner-v,15-4-21,,SPEC,15-4-20,,,,15-4-20,,,,complete,100%
1204-00-MC-MSS-008,00,"Matreial Standard Specification for Lubrication, Shaft Sealing and Control Oil Systems",,DE,IFR,,MC,TM-OT-9001-T-0133,12-7-12,,,No,2853,1204-Owner-v,15-4-15,,SPEC,20-4-20,,,20-4-20,,,,,InProgress,80%
1204-00-EL-CSH-003,03,ELECTRICAL LOAD BALANCE SUMMARY,,DE,IFR,,EL,PS-OT-T-0585,18-3-19,,,No,777,1204-Owner-v,18-3-26,,LIST,20-8-30,,,20-8-30,,18-4-8,MT-PS-9609-CS-054,,InProgress,90%
1204-00-EL-DIG-004,02,PAGING AND INTERCOM SYSTEM SPEECH CONNECTION DIAGRAM,,DE,IFR,,EL,PS-OT-T-0907,20-2-23,,,No,71,1204-Owner-v,20-2-25,,CDW,20-4-20,,,20-4-20,,20-2-29,MT-PS-9609-CS-0285,,InProgress,80%
1204-00-EL-DWG-002,00,OVERALL HAZARDOUS AREA CLASSIFICATION DRAWING,,DE,IFR,,EL,PS-TM-T-0245,13-8-3,15-8-12,,Yes,725,1204-TKT-COLANGELI,13-8-8,,DWG,20-5-15,,,,,,,,InProgress,50%
1204-07-EL-DWG-001,00,POWER LAYOUT - AREA 07,,DE,IFR,,EL,PS-OT-T-0130,15-11-9,16-7-24,,Yes,244,1204-Owner-v,15-11-10,,CDW,20-8-30,,,20-8-30,15-11-12,15-12-8,MT-PS-9301-CS-053,,InProgress,80%
1204-90-EL-DWG-010,01,SUBSTATION LIGHTING LAYOUT,,DE,IFC,,EL,TM-OT-9001-T-0349,14-1-23,15-3-3,,Yes,390,1204-TKT-COLANGELI,14-1-23,,CDW,12-10-19,,,,12-10-19,,,,complete,100%
1204-90-EL-DWG-330,01,RESTAURANT BUILDING COMMUNICATION LAYOUT,,DE,IFC,,EL,TM-OT-9001-T-0351,14-1-29,15-3-3,,Yes,384,1204-TKT-COLANGELI,14-1-29,,CDW,21-4-15,,,21-4-15,,,,,complete,100%
1204-00-PI-LST-416,01,PIPING ALLOWABLE NOZZLE LOADS FOR ROTARY EQUIPMENT,,DE,IFE,,PI,PS-OT-T-0327,16-8-28,,,No,1345,1204-Owner-v,16-8-28,,LIST,16-9-3,,,,16-9-3,,,,complete,100%
1204-00-IN-MSS-612,01,MATERIAL STANDARD SPECIFICATION FOR ORIFICE PLATES & FLANGES,,DE,IFE,,IN,PS-OT-T-0050,15-5-26,,,No,1805,1204-Owner-v,15-5-27,,SPEC,15-5-26,,,,15-5-26,,,,complete,100%
1204-63-PR-UFD-631,02,UTILITY FLOW DIAGRAM FOR COOLING WATER SYSTEM,,BE/DE,IFE,,PR,PS-OT-T-0180,16-1-11,,,No,1575,1204-Owner-v,16-1-12,,EDW,16-1-19,,,,16-1-19,16-1-26,MT-PS-9301-CS-092-1,,complete,100%
1204-00-ST-SDG-701,01,STANDARD DRAWING FOR GENERAL NOTE AND ABBREVIATIONS,,DE,IFC,,ST,TM-OT-9001-T-0449,15-3-5,,,No,1887,1204-TKT-COLANGELI,15-3-4,,SPEC,15-3-5,,,,15-3-5,,,,complete,100%
1204-00-ST-ESS-740,01,ENGINEERING STANDARD SPECIFICATION FOR SITE GRADING(EARTH WORK),,DE,IFC,,ST,TM-OT-9001-T-0411,14-11-18,,,No,1994,1204-TKT-COLANGELI,14-11-17,,SPEC,14-11-18,,,,14-11-18,,,,complete,100%
1204-71-PR-LST-001,01,EQUIPMENT LIST FOR DAILY METHANOL STORAGE TANKS,,BE/DE,IFE,,PR,PS-OT-T-0138,15-11-28,,,No,1619,1204-Owner-v,15-11-29,,LIST,15-11-28,,,,15-11-28,15-12-5,MT-PS-9301-CS-051,,complete,100%
1204-00-EL-DSH-5041,01,DATA SHEET FOR POWER TRANSFORMERS - MS-TR1A/B-01,,DE,IFR,,EL,PS-OT-T-0246,16-4-18,16-7-23,,Yes,82,1204-Owner-v,16-4-18,,DSH,20-5-13,,,20-5-13,,16-4-23,MT-PS-9301-CS-137,,InProgress,80%
1204-00-EL-DSH-5043,00,DATA SHEET FOR DISTRIBUTION TRANSFORMERS -2000 KVA,,DE,IFR,,EL,TM-OT-9001-T-0235,13-2-6,,,No,2644,1204-TKT-COLANGELI,13-2-5,,DSH,20-5-13,,,20-5-13,13-2-6,,,,InProgress,80%
1204-00-EL-SCH-5033,00,"LV SWITCHGEAR SCHEDULE (MS-SWB3A,B-03)",,DE,IFR,,EL,TM-OT-9001-T-0319,13-9-25,,,No,2413,1204-TKT-COLANGELI,13-9-23,,LIST,20-5-12,,,20-5-12,13-9-24,,,,InProgress,90%
1204-90-HS-DWG-004,03,FIRE & GAS ALARM LAYOUT FOR SUBSTATION,,DE,IFE,,HSE,PS-OT-T-379,16-12-12,,,No,1239,1204-Owner-v,18-12-22,,EDW,16-12-12,,,,16-12-12,,,,complete,100%
1204-00-HV-TBA-790,00,TECHNICAL BID ANALYSIS FOR HVAC EQUIPMENT,,DE,IFI,,HV,PS-OT-T-0741,18-12-26,,,No,495,1204-Owner-v,18-12-29,,TBA,18-12-26,,,,18-12-26,,,,complete,100%
1204-00-EL-MSS-507,01,MATERIAL STANDARD SPECIFICATION FOR DC BATTERY CHARGER,,DE,IFE,,EL,PS-OT-T-0884,20-2-6,,,No,88,1204-Owner-v,20-2-8,,SPEC,20-2-6,,,,20-2-6,20-3-7,MT-PS-9609-CS-0301,,complete,100%
1204-00-QC-SOI-527,00,SCOPE OF INSPECTION FOR LIGHTING POLES,,DE,IFI,,QC,PS-OT-T-9999,15-6-14,,,No,32633,,,,SCOPE,20-5-15,,,,,,,,complete,100%
1204-10-PV-DSH-230,02,MECHANICAL DATA SHEET FOR SATURATOR COLUMN (T-1001),,DE,IFE,,MD,PS-OT-T-0504,17-11-21,,,No,895,1204-Owner-v,17-11-28,,DSH,17-11-21,,,,17-11-21,17-11-21,MT-PS-9301-CS-263,,complete,100%
1204-30-PV-DSH-220,02,MECHANICAL DATA SHEET FOR FUSEL OIL DRUM (D-3005),,DE,IFE,,MD,PS-OT-T-0833,19-11-13,,,No,173,1204-Owner-v,19-11-27,,DSH,19-11-13,,,,,,,,complete,100%
1204-00-EL-TBA-517,00,TECHNICAL BID ANALYSIS FOR LV VSD PANELS,,DE,IFE,,EL,PS-OT-T-0966,20-5-9,,,No,-5,1204-Owner-v,20-5-11,,TBA,20-7-3,,,20-7-23,,,,,complete,100%
1204-30-IN-DWG-029,00,INSTRUMENT FIELD & CABLE LAYOUT (AREA 29),,DE,IFR,,IN,PS-OT-T-0140,15-12-5,,,No,1612,1204-Owner-v,15-12-6,,CDW,20-6-23,,,20-6-23,15-12-15,16-1-12,MT-PS-9301-CS-086,,InProgress,80%
1204-30-RE-DSH-040,00,DATA SHEET FOR TOPPING COLUMN BOTTOM PUMPS (P-3002 A/B),,DE,IFR,,MC,TM-OT-9001-T-0226,13-1-9,,,No,2672,1204-TKT-COLANGELI,13-1-7,,DSH,13-1-9,,,,13-1-9,,,,InProgress,80%
1204-30-RE-DSH-041,01,DATA SHEET FOR 1ST REFINING COLUMN REFLUX PUMPS (P-3003 A/B),,DE,IFR,,MC,PS-OT-T-0387,16-12-20,,,No,1231,1204-Owner-v,16-12-24,,DSH,16-12-20,,,,16-12-20,,,,InProgress,80%
1204-20-RE-DSH-330,00,DATA SHEET FOR METHANOL START UP PUMP (P-2001),,DE,IFR,,MC,PS-OT-T-0836,19-11-16,,,No,170,1204-Owner-v,20-1-5,,DSH,19-11-16,,,,,,,,InProgress,80%
1204-90-HV-DWG-003,04,CONTROL ROOM - DUCT SUPPORTING AND OPENING LOCATION,,DE,IFC,,HV,PS-OT-T-0706,18-10-22,,,No,560,1204-Owner-v,18-10-24,,CDW,18-10-22,,,,18-10-22,,,,complete,100%
1204-00-QC-SOI-155,00,SCOPE OF INSPECTION FOR FIRE FIGHTING EQUIPMENT,,DE,IFI,,QC,PS-OT-T-9999,15-6-14,,,No,32633,,,,SCOPE,20-5-15,,,,,,,,complete,100%
1204-00-QC-SOI-509A,00,"SCOPE OF INSPECTION FOR POWER, CONTROL AND EARTHING CABLES",,DE,IFI,,QC,PS-OT-T-9999,15-6-14,,,No,32633,,,,SCOPE,20-5-15,,,,,,,,complete,100%
1204-00-EL-REQ-509A,01,"REQUISITION FOR POWER, CONTROL AND EARTHING CABLES",,DE,IFP,,EL,PS-OT-T-0950,20-4-15,,,No,19,1204-Owner-v,20-4-18,,REQ,20-1-8,,,20-1-14,,,,,complete,100%
1204-00-EL-TBA-501,00,TECHNICAL BID ANALYSIS FOR NEUTRAL GROUNDING RESISTOR,,DE,IFE,,EL,PS-OT-T-0916,20-2-26,,,No,68,1204-Owner-v,20-2-27,,TBA,19-11-12,,,19-11-18,,20-2-29,MT-PS-9609-CS-0286,,complete,100%
1204-90-ST-DWG-1012,02,WORK SHOP / FDN.. (R.C. DETAILS I),,DE,IFC,,ST,PS-TM-T-0252,17-9-13,,,No,964,1204-TKT-COLANGELI,13-9-26,,CDW,17-9-13,,,,17-9-13,,,,complete,100%
1204-90-ST-DWG-906,04,CONTROL ROOM & LABORATORY / ELEVATIONS & DETAILS,,DE,IFC,,ST,TM-OT-9001-T-0390,14-8-13,,,No,2091,1204-TKT-COLANGELI,14-8-12,,CDW,14-8-20,,,,14-8-20,14-8-20,MT-OT-9301-CS-018,,complete,100%
1204-90-ST-DWG-942,02,SUBSTATION / BEAMS & WALLS (R.C. II),,DE,IFC,,ST,TM-OT-9001-T-0369,14-5-23,,,No,2173,1204-TKT-COLANGELI,14-5-21,,CDW,14-5-23,,,,14-5-23,,,,complete,100%
1204-00-QC-SOI-201,01,SCOPE OF INSPECTION FOR REACTORS,,DE,IFP,,QC,PS-OT-T-9999,15-6-14,,,No,32633,,,,SCOPE,20-5-15,,,,,,,,complete,100%
1204-00-HM-ESS-273,01,ENGINEERING STANDARD SPECIFICATION FOR WATER TUBE BOILER,,DE,IFE,,MD,PS-OT-T-0924,20-3-2,,,No,63,1204-Owner-v,20-3-3,,SPEC,20-4-30,,,20-4-30,,20-3-3,MT-PS-9609-CS-0292,,complete,100%
1204-90-ST-DWG-1043,02,WAREHOUSE/ PLUMBING LAYOUT & DETAILS,,DE,IFC,,ST,PS-OT-T-0162,15-12-30,,,No,1587,1204-Owner-v,15-12-30,,CDW,16-1-6,,,,16-1-6,16-1-16,,,complete,100%
1204-90-ST-DWG-1056,00,FIRE STATION / ROOF SLOPING PLAN & DETAILS,,DE,IFR,,ST,TM-OT-9001-T-0200,12-11-5,,,No,2737,1204-Owner-v,15-9-16,,CDW,20-6-30,,,20-6-30,12-11-5,,,,InProgress,80%
1204-90-ST-DWG-1085,01,GUARD HOUSE / BLOCK & JOIST,,DE,IFC,,ST,TM-OT-9001-T-0273,13-5-14,,,No,2547,1204-TKT-COLANGELI,13-5-14,,CDW,13-5-14,,,,13-5-14,,,,complete,100%
1204-00-QC-SOI-507,00,SCOPE OF INSPECTION FOR DC BATTERY CHARGER,,DE,IFI,,QC,PS-OT-T-9999,15-6-14,,,No,32633,,,,SCOPE,20-5-15,,,,,,,,complete,100%
1204-20-PI-ISO-2600,01,A/G ISOMETRIC DRAWING OF AREA-26,,DE,IFC-WH,,PI,PS-OT-T-0671,18-8-25,,,No,618,1204-Owner-v,18-8-28,,CDW,20-6-11,,,20-6-11,,,,,InProgress,90%
1204-30-PI-ISO-2900,01,A/G ISOMETRIC DRAWING OF AREA-29,,DE,IFC-WH,,PI,PS-OT-T-0673,18-8-29,,,No,614,1204-Owner-v,18-9-1,,CDW,20-6-11,,,20-6-11,,,,,InProgress,90%
1204-64-PI-APL-2000,00,PIPING PLAN AREA-20,,DE,IFR,,PI,PS-OT-T-0165,15-12-30,,,No,1587,1204-Owner-v,16-1-2,,CDW,20-6-4,,,20-6-4,16-1-6,16-5-7,MT-PS-9301-CS-142,,InProgress,80%
1204-40-PI-LST-4200,00,A/G ISOMETRIC LIST OF AREA-42,,DE,IFR,,PI,PS-OT-T-0327,16-8-28,,,No,1345,1204-Owner-v,16-8-28,,CDW,20-1-13,,,20-6-25,16-9-3,,,,InProgress,80%
1204-40-PI-LST-4400,01,A/G ISOMETRIC LIST OF AREA-44,,DE,IFC-WH,,PI,PS-OT-T-0681,18-9-16,,,No,596,1204-Owner-v,18-9-18,,CDW,20-6-16,,,20-6-16,,,,,InProgress,90%
1204-30-IN-DWG-024,00,INSTRUMENT FIELD & CABLE LAYOUT (AREA 24),,DE,IFR,,IN,PS-OT-T-442,17-4-22,,,No,1108,1204-Owner-v,17-5-1,,CDW,20-6-22,,,20-6-22,17-5-3,,,,InProgress,80%
1204-20-PI-ISO-2700,01,A/G ISOMETRIC DRAWING OF AREA-27,,DE,IFC-WH,,PI,PS-OT-T-0692,18-9-29,,,No,583,1204-Owner-v,18-10-13,,CDW,20-6-11,,,20-6-11,,,,,InProgress,90%
1204-30-PI-ISO-6700,01,U/G ISOMETRIC DRAWING OF AREA-67,,DE,IFC-WH,,PI,PS-OT-T-0650,18-7-23,,,No,651,1204-Owner-v,18-7-29,,CDW,20-6-30,,,20-6-30,,18-7-29,MT-PS-9609-CS-102,,InProgress,90%
1204-00-PI-LST-3600,00,A/G ISOMETRIC LIST OF AREA-36,,DE,IFR,,PI,PS-OT-T-0340,16-9-28,,,No,1314,1204-Owner-v,16-10-1,,CDW,20-6-11,,,20-6-11,16-10-10,,,,InProgress,80%
1204-00-IN-REQ-655,00,REQUISITION FOR DESUPERHEATER VALVES,,DE,IFI,,IN,PS-OT-T-0148,15-12-19,,,No,1598,1204-Owner-v,15-12-20,,REQ,19-12-10,,,19-12-23,,16-8-6,MT-PS-9301-CS-107-1,,InProgress,90%
1204-02-EL-DWG-011,00,"LIGHTING LAYOUT AREA-02 (D-2003, E-2001A/B, 2002, 2003A/B, 2005A/B, 2006 & R-2001)",,DE,IFR,,EL,PS-OT-T-0130,15-11-9,16-7-24,,Yes,244,1204-Owner-v,15-11-10,,CDW,20-6-30,,,20-6-30,15-11-12,15-12-8,MT-PS-9301-CS-053,,InProgress,80%
1204-00-QC-SOI-460A,01,SCOPE OF INSPECTION FOR COATING & WRAPPING (MTO I),,DE,IFP,,QC,PS-OT-T-9999,15-6-14,,,No,32633,,,,SCOPE,20-5-15,,,,,,,,complete,100%
1204-30-PI-LST-2400,00,A/G ISOMETRIC LIST OF AREA-24,,DE,IFR,,PI,PS-OT-T-0437,17-4-9,,,No,1121,1204-Owner-v,17-4-16,,CDW,20-6-11,,,20-6-11,17-4-25,,,,InProgress,80%
1204-00-ST-DWG-1125,02,DV-6202 / R.C. DETAILS,,DE,IFC,,ST,PS-OT-T-0725,18-12-10,,,No,511,1204-Owner-v,18-12-12,,CDW,18-12-10,,,,18-12-10,,,,complete,100%
1204-90-ST-DWG-1211,00,CONTROL ROOM FOR ASU / CONCEPTUAL PLAN,,DE,IFR,,ST,PS-OT-T-0584,18-3-19,,,No,777,1204-Owner-v,18-3-25,,CDW,20-5-30,,,20-5-30,,18-7-3,MT-PS-9609-CS-055-N,,InProgress,80%
1204-00-PI-REQ-419,00,REQUISITION FOR FLANGE FOR FLARE AND UTILITY LINE(OSBL),,DE,IFI,,PI,PS-OT-T-0943,20-4-5,,,No,29,1204-Owner-v,20-4-7,,REQ,20-5-15,,,,,,,,InProgress,90%
1204-00-ST-DWG-777,01,GUARD  RAIL DETAILS II,,DE,IFC,,ST,PS-OT-T-0317,16-8-3,,,No,1370,1204-Owner-v,16-8-6,,CDW,16-8-3,,,,16-8-3,,,,complete,100%
1204-30-ST-DWG-136,01,"STRUCTURE ""Q"" FOR R-1001,R-1002A/B & R-1003 /STEEL STRUCTURE (STAIR)",,DE,IFC,,ST,PS-OT-T-0788,19-5-8,,,No,362,1204-Owner-v,19-5-12,,CDW,19-5-13,,,,19-5-13,,,,complete,100%
1204-00-PI-MTO-420,00,MATERIAL TAKE OFF FOR GASKET FOR FLARE AND UTILITY LINE(OSBL),,DE,IFE,,PI,PS-OT-T-0944,20-4-5,,,No,29,1204-Owner-v,20-4-7,,MTO,20-5-15,,,,,,,,complete,100%
1204-00-IN-LST-003,01,ESD I/O COUNT,,DE,IFR,,IN,PS-OT-T-0902,20-2-19,,,No,75,1204-Owner-v,20-2-25,,LIST,20-4-14,,,20-4-14,,,,,InProgress,90%
1204-00-IN-SKT-008,00,ANALYZER SAMPLE CONNECTION DRAWING,,DE,IFR,,IN,PS-OT-T-0677,18-8-8,,,No,635,1204-Owner-v,18-9-13,,CDW,18-8-8,,,,18-8-8,,,,InProgress,80%
1204-00-PI-REQ-404A,01,REQUISITION FOR A/G VALVES(MTO I),,DE,IFP,,PI,PS-OT-T-0561,18-2-19,,,No,805,1204-Owner-v,18-3-8,,REQ,18-2-19,,,,18-2-19,18-3-19,MT-PS-9609-CS-50,,complete,100%
1204-00-PR-PID-004,01,PIPING & INSTRUMENTATION DIAGRAM FOR INSTRUMENT SYMBOLS I,,DE,IFR,,PR,PS-OT-T-365,16-11-13,,,No,1268,1204-Owner-v,16-11-16,,EDW,20-8-1,,,20-10-20,17-4-16,17-5-20,MT-PS-9301-CS-201-R,,InProgress,80%
1204-71-ST-MTO-753,00,MATERIAL TAKE OFF FOR TK-7101 A&B,,DE,IFE,,ST,TM-OT-9001-T-0404,14-10-30,,,No,2013,1204-TKT-COLANGELI,14-10-30,,LIST,14-10-31,,,,14-10-31,14-11-11,MT-TM-9301-CS-007,,complete,100%
1204-90-HV-DSH-221,02,DATA SHEET FOR MOTORIZED BLOCK DAMPER FOR SUBSTATION,,DE,IFE,,HV,PS-OT-T-0010,15-3-11,,,No,1881,1204-TKT-COLANGELI,15-3-4,,DSH,15-3-6,,,,15-3-6,,,,complete,100%
1204-90-HV-DWG-042,01,ADMINISTRATION - SECTION OF DUCTING,,DE,IFC,,HV,TM-OT-9001-T-0382,14-7-7,,,No,2128,1204-TKT-COLANGELI,14-7-7,,CDW,14-7-7,,,,14-7-7,14-10-19,,,complete,100%
1204-64-RE-DSH-050,01,DATA SHEET FOR DEMIN WATER TRANSFER PUMPS (P-6402 A/B),,DE,IFR,,MC,PS-OT-T-0387,16-12-20,,,No,1231,1204-Owner-v,16-12-24,,DSH,16-12-20,,,,16-12-20,17-5-3,MT-PS-9301-CS-225-R,,InProgress,80%
1204-20-HM-DSH-235,00,MECHANICAL DATA SHEET FOR CONVERTER STEAM CONDENSER (E-2005A/B),,DE,IFR,,MD,TM-OT-9001-T-0333,13-11-6,,,No,2371,1204-TKT-COLANGELI,13-11-6,,DSH,13-11-6,,,,13-11-6,,,,InProgress,80%
1204-90-HV-DWG-011,03,LABORATORY - DUCTING LAYOUT,,DE,IFC,,HV,PS-OT-T-0007,15-3-11,,,No,1881,1204-Owner-v,15-3-17,,CDW,15-3-11,,,,15-3-11,,,,complete,100%
1204-90-HV-DSH-106,02,DATA SHEET FOR BLAST PROTECTION VALVE FOR PRD IN UPS ROOM IN CONTROL BUILDING,,DE,IFE,,HV,TM-OT-9001-T-0383,14-7-7,,,No,2128,1204-TKT-COLANGELI,14-7-7,,DSH,14-7-7,,,,14-7-7,14-11-22,MT-TM-9301-CS-014,,complete,100%
1204-00-PI-LST-6400,01,U/G ISOMETRIC LIST OF AREA-64,,DE,IFC-WH,,PI,PS-OT-T-0629,18-6-13,,,No,691,1204-Owner-v,18-6-19,,CDW,20-6-30,,,20-6-30,,18-6-24,MT-PS-9609-CS-088,,InProgress,90%
1204-10-PI-UPL-7200,02,UNDER GROUND PIPING PLAN AREA-72,,DE,IFC-WH,,PI,PS-OT-T-0614,18-5-19,,,No,716,1204-Owner-v,18-5-20,,CDW,18-6-2,,,,18-6-2,,,,InProgress,90%
1204-63-PI-APL-1800,00,PIPING PLAN AREA-18,,DE,IFR,,PI,PS-OT-T-0165,15-12-30,,,No,1587,1204-Owner-v,16-1-2,,CDW,20-6-4,,,20-6-4,16-1-6,16-5-7,MT-PS-9301-CS-142,,InProgress,80%
1204-64-PI-LST-6900,01,U/G ISOMETRIC LIST OF AREA-69,,DE,IFC-WH,,PI,PS-OT-T-0606,18-5-12,,,No,723,1204-Owner-v,18-5-13,,CDW,20-6-30,,,20-6-30,18-5-26,,,,InProgress,90%
1204-10-PI-APL-4700,00,PIPING PLAN AREA-47,,DE,IFR,,PI,PS-OT-T-0343,16-10-1,,,No,1311,1204-Owner-v,16-10-4,,CDW,20-6-16,,,20-6-16,16-10-10,,,,InProgress,80%
1204-10-PI-LST-4700,00,A/G ISOMETRIC LIST OF AREA-47,,DE,IFR,,PI,PS-OT-T-0343,16-10-1,,,No,1311,1204-Owner-v,16-10-4,,CDW,20-6-16,,,20-6-16,16-10-10,,,,InProgress,80%
1204-00-IN-REQ-622,00,REQUISITION FOR PRESSURE GAUGES,,DE,IFI,,IN,PS-OT-T-0550,18-2-6,,,No,818,1204-Owner-v,18-2-7,,REQ,20-5-5,,,20-5-18,18-2-10,18-2-17,MT-PS-9609-CS-031,,InProgress,90%
1204-00-PI-REQ-402B,00,REQUISITION FOR A/G FLANGES(MTO II),,DE,IFI,,PI,PS-OT-T-0946,20-4-11,,,No,23,1204-Owner-v,20-4-15,,REQ,20-4-16,,,20-4-29,,,,,InProgress,90%
1204-30-ST-DWG-302,03,"STRUCTURE ""B"" FOR D-3003 & E-3003A/B / STEEL STRUCTURE (PLAN & DETS.)",,DE,IFC,,ST,PS-OT-T-0452,17-5-31,,,No,1069,1204-Owner-v,17-6-17,,CDW,17-6-10,,,,17-6-10,,,,complete,100%
1204-30-ST-DWG-308,01,"STRUCTURE ""B"" FOR D-3003 & E-3003A/B / CONCRETE  STRUCTURE (R.C. DETAILS I )",,DE,IFC,,ST,PS-OT-T-0347,16-10-4,,,No,1308,1204-Owner-v,16-10-5,,CDW,16-10-4,,,,16-10-4,,,,complete,100%
1204-90-ST-DWG-976,00,"ADMINISTRATION , RESTAURANT & CLINIC BLDG / EAST & WEST ELEVATION & DETAILS",,DE,IFR,,ST,TM-OT-9001-T-0116,12-6-19,,,No,2876,1204-Owner-v,15-9-16,,CDW,20-3-30,,,20-3-30,12-6-19,,,,InProgress,80%
1204-00-QC-SOI-213B,01,SCOPE OF INSPECTION FOR STAINLESS STEEL STORAGE TANKS,,DE,IFP,,QC,PS-OT-T-9999,15-6-14,,,No,32633,,,,SCOPE,20-5-15,,,,,,,,complete,100%
1204-00-QC-SOI-641,00,SCOPE OF INSPECTION FOR TEMPERATURE GAUGES AND THERMOWELL,,DE,IFI,,QC,PS-OT-T-9999,15-6-14,,,No,32633,,,,SCOPE,20-5-15,,,,,,,,complete,100%
1204-90-ST-DWG-1059,01,FIRE STATION / BEAMS (R.C. DETAILS I ),,DE,IFC,,ST,TM-OT-9001-T-0341,13-12-18,,,No,2329,1204-TKT-COLANGELI,13-12-16,,CDW,13-12-18,,,,13-12-18,,,,complete,100%
1204-90-ST-DWG-915,02,CONTROL ROOM & LABORATORY / BEAMS (R.C. DETAILS ),,DE,IFC,,ST,TM-OT-9001-T-0330,13-10-29,,,No,2379,1204-TKT-COLANGELI,13-10-28,,CDW,13-10-29,,,,13-10-29,,,,complete,100%
1204-90-ST-DWG-916,01,CONTROL ROOM & LABORATORY / COLUMNS (R.C. DETAILS),,DE,IFC,,ST,PS-TM-T-0255,21-9-13,,,No,-497,1204-TKT-COLANGELI,13-9-27,,CDW,20-6-20,,,20-6-20,,,,,InProgress,80%
1204-90-ST-DWG-971,04,"ADMINISTRATION , RESTAURANT, CLINIC & GUARD HOUSE BUILDING / FURNITURE PLAN FOR GROUND FLOOR PLAN",,DE,IFR,,ST,PS-OT-T-0863,20-1-2,,,No,123,1204-Owner-v,20-1-3,,CDW,20-3-30,,,20-3-30,,20-2-8,MT-PS-9609-CS-0266,,InProgress,80%
1204-63-RE-DSH-033,01,DATA SHEET FOR COOLING WATER SUPPLY PUMPS (P-6301 A~F),,DE,IFR,,MC,PS-OT-T-0314,16-7-31,,,No,1373,1204-Owner-v,16-8-3,,DSH,16-7-31,,,,16-7-31,,,,InProgress,80%
1204-00-PR-UDD-015,03,UTILITY DISTRIBUTION DIAGRAM FOR SERVICE WATER DISTRIBUTION SYSTEM,,DE,IFC-WH,,PR,PS-OT-T-0575,18-3-6,,,No,790,1204-Owner-v,18-4-7,,EDW,20-5-1,,,20-5-1,18-4-12,18-3-7,MT-PS-9609-CS-043,,InProgress,90%
1204-00-ST-ESS-743,01,ENGINEERING STANDARD SPECIFICATION FOR DESIGN OF STEEL STRUCTURE,,DE,IFC,,ST,TM-OT-9001-T-0408,14-11-6,,,No,2006,1204-TKT-COLANGELI,14-11-6,,SPEC,14-11-6,,,,14-11-6,14-12-30,MT-TM-9301-CS-027,,complete,100%
1204-00-ST-ESS-744,01,ENGINEERING STANDARD SPECIFICATION FOR FIRE PROOFING (STRUCTURAL PART),,DE,IFC,,ST,TM-OT-9001-T-0411,14-11-18,,,No,1994,1204-TKT-COLANGELI,14-11-17,,SPEC,14-11-18,,,,14-11-18,,,,complete,100%
1204-64-PR-DSH-103,01,DATA SHEET FOR CONDENSATE STORAGE TANK (TK-6401),,BE,IFE,,PR,TM-OT-9001-T-0299,13-7-4,,,No,2496,1204-Owner-v,15-4-13,,DSH,13-7-4,,,,13-7-4,,,,complete,100%
1204-22-PR-DBS-101,00,Basic Engineering Design Basis For Machinery Cooling Water System,,BE,IFR,,PR,TM-OT-9001-T-0007,11-5-10,,,No,3282,1204-TKT-proietti,11-5-9,,EDW,20-5-1,,20-5-30,20-6-30,,,,,InProgress,80%
1204-00-EL-MTO-002,00,MATERIAL TAKE OFF FOR POWER SYSTEM,,DE,IFE,,EL,PS-OT-T-0232,13-4-6,16-7-21,,Yes,1188,1204-Owner-v,16-4-7,,LIST,16-4-16,,,,16-4-16,16-4-18,MT-PS-9301-CS-132,,complete,100%
1204-00-EL-SDG-620,01,ELECTRICAL INSTALLATION STANDARD DRAWINGS - POWER,,DE,IFR,,EL,PS-OT-T-0118,15-10-12,15-11-28,,Yes,33,1204-Owner-v,15-10-13,,CDW,20-9-10,,,20-9-10,,15-11-19,MT-PS-9301-CS-044,,InProgress,80%
1204-00-EL-SLD-001,04,OVERALL ELECTRICAL ONE LINE DIAGRAM,,DE,IFR,,EL,PS-OT-T-0590,18-4-19,18-4-24,,Yes,-9,1204-Owner-v,18-4-22,,CDW,20-9-20,,,20-9-20,,18-4-24,MT-PS-9609-CS-058,,InProgress,80%
1204-90-EL-SLD-045,01,ADMIN. EMERGENCY LIGHTING PANEL ONE LINE DIAGRAM,,DE,IFC,,EL,TM-OT-9001-T-0349,14-1-23,,,No,2293,1204-TKT-COLANGELI,14-1-23,,CDW,14-1-23,,,,14-1-23,,,,complete,100%
1204-00-EL-MSS-513,01,MATERIAL STANDARD SPECIFICATION FOR PUBLIC ADDRESS AND INTERCOM SYSTEM,,DE,IFE,,EL,TM-OT-9001-T-0414,14-12-3,,,No,1979,1204-TKT-COLANGELI,14-12-3,,SPEC,14-12-3,,,,14-12-3,,,,complete,100%
1204-71-PR-UFD-711,01,UTILITY FLOW DIAGRAM FOR DAILY METHANOL STORAGE TANKS,,BE/DE,IFE,,PR,TM-OT-9001-T-0242,13-3-14,,,No,2608,1204-TKT-COLANGELI,13-3-12,,EDW,13-3-14,,,,13-3-14,,,,complete,100%
1204-00-ST-SDG-766,01,STANDARD DRAWING FOR FENCING & GATE,,DE,IFC,,ST,PS-OT-T-0245,16-4-17,,,No,1478,1204-Owner-v,16-4-18,,SPEC,16-4-19,,,,16-4-19,,,,complete,100%
1204-72-PR-DSH-101,01,DATA SHEET FOR CRUDE METHANOL STORAGE TANK (TK-7201),,BE,IFE,,PR,TM-OT-9001-T-0242,13-3-14,,,No,2608,1204-Owner-v,15-9-16,,DSH,13-3-14,,,,13-3-14,,,,complete,100%
1204-40-PI-APL-4400,01,PIPING PLAN AREA-44,,DE,IFC-WH,,PI,PS-OT-T-0681,18-9-16,,,No,596,1204-Owner-v,18-9-18,,CDW,20-6-16,,,20-6-16,,,,,InProgress,90%
1204-84-HS-DSH-008,00,DATA SHEET FOR COC WATER PUMP P-8403 A/B,,DE,IFR,,HSE,PS-OT-T-0685,18-9-24,,,No,588,1204-Owner-v,18-10-6,,DSH,19-10-12,,,20-10-10,,,,,InProgress,80%
1204-02-EL-SLD-058,00,SINGLE LINE DIAGRAM FOR 02-DP-01,,DE,IFR,,EL,PS-OT-T-0203,16-2-28,16-7-21,,Yes,130,1204-Owner-v,16-2-29,,CDW,20-10-10,,,20-10-10,16-3-9,16-3-5,MT-PS-9301-CS-112,,InProgress,80%
1204-90-EL-DIG-002,00,FIRE ALARM RISER DIAGRAM FOR WORKSHOP BUILDING,,DE,IFR,,EL,PS-OT-T-0123,15-10-31,16-7-24,,Yes,253,1204-Owner-v,15-11-1,,CDW,20-4-21,,,20-4-21,15-11-16,15-12-26,MT-PS-9301-CS-067,,InProgress,80%
1204-00-PI-ESS-418,00,ENGINEERING STANDARD SPECIFICATION FOR PLANT LAY OUT,,DE,IFR,,PI,TM-OT-9001-T-0370,14-5-23,,,No,2173,1204-TKT-COLANGELI,14-5-22,,SPEC,20-5-1,,,20-5-1,,,,,InProgress,80%
1204-00-EL-REQ-501,01,REQUISITION FOR NEUTRAL GROUNDING RESISTOR,,DE,IFP,,EL,PS-OT-T-0931,20-3-9,,,No,56,1204-Owner-v,20-3-15,,REQ,20-3-9,,,,20-3-9,20-4-5,MT-PS-9609-CS-0320-1,,complete,100%
1204-30-IN-DWG-028,00,INSTRUMENT FIELD & CABLE LAYOUT (AREA 28),,DE,IFR,,IN,PS-OT-T-0147,15-12-9,,,No,1608,1204-Owner-v,15-12-9,,CDW,20-6-23,,,20-6-23,15-12-15,16-2-9,MT-PS-9301-CS-104,,InProgress,80%
1204-90-EL-SLD-081,01,SUBSTATION SAFETY LIGHTING PANEL ONE LINE DIAGRAM,,DE,IFC,,EL,TM-OT-9001-T-0349,14-1-23,,,No,2293,1204-TKT-COLANGELI,14-1-23,,CDW,14-1-23,,,,14-1-23,,,,complete,100%
1204-64-ST-MTO-716,00,MATERIAL TAKE OFF FOR TK-6402,,DE,IFE,,ST,TM-OT-9001-T-0404,14-10-30,,,No,2013,1204-TKT-COLANGELI,14-10-30,,LIST,20-8-25,,,20-8-25,14-10-31,14-11-11,MT-TM-9301-CS-007,,complete,100%
1204-00-HM-REQ-260,02,REQUISITION FOR DOUBLE PIPE HEAT EXCHANGERS,,DE,IFP,,MD,PS-OT-T-0893,20-2-16,,,No,78,1204-Owner-v,20-3-1,,REQ,20-2-16,,,,20-2-16,20-2-27,MT-PS-9301-CS- 0275,,complete,100%
1204-90-HV-DSH-040,01,DATA SHEET FOR PACKAGE AIR HANDLING UNIT FOR ADMINISTRATION,,DE,IFE,,HV,TM-OT-9001-T-0450,15-3-6,,,No,1886,1204-TKT-COLANGELI,15-3-4,,DSH,15-3-6,,,,15-3-6,,,,complete,100%
1204-90-HV-DSH-080,01,DATA SHEET FOR WALL TYPE EXHAUST FAN FOR PANTRY IN WORKSHOP,,DE,IFE,,HV,TM-OT-9001-T-0452,15-3-6,,,No,1886,1204-TKT-COLANGELI,15-3-4,,DSH,15-3-6,,,,15-3-6,,,,complete,100%
1204-90-HV-DSH-091,01,DATA SHEET FOR WALL TYPE EXHAUST FAN FOR PANTRY AND MS.R. IN WAREHOUSE,,DE,IFE,,HV,TM-OT-9001-T-0443,15-2-24,,,No,1896,1204-TKT-COLANGELI,15-2-24,,DSH,15-2-24,,,,15-2-24,,,,complete,100%
1204-90-HV-DSH-222,01,DATA SHEET FOR PRESSURE RELIEF DAMPER FOR SUBSTATION,,DE,IFE,,HV,TM-OT-9001-T-0429,15-1-14,,,No,1937,1204-TKT-COLANGELI,15-1-14,,DSH,15-1-14,,,,15-1-14,15-1-27,MT-TM-9301-CS-033,,complete,100%
1204-00-IN-TBA-601,01,TECHNICAL BID ANALYSIS FOR FCS/ ESD SYSTEMS,,DE,IFE,,IN,PS-OT-T-0655,18-7-25,,,No,649,1204-Owner-v,18-7-28,,TBA,18-7-31,,,,18-7-31,18-7-29,MT-PS-9609-CS-101,,complete,100%
1204-61-QC-SOI-104,00,SCOPE OF INSPECTION FOR AIR SEPARATION UNIT (ASU) (PU-6101),,DE,IFI,,QC,PS-OT-T-9999,15-6-14,,,No,32633,,,,SCOPE,20-5-15,,,,,,,,complete,100%
1204-84-HS-DSH-009,01,DATA SHEET FOR CHEMICAL/LABORATORY EFFLUENT SUMP SU-8404,,DE,IFR,,HSE,PS-OT-T-0854,19-12-28,,,No,128,1204-Owner-v,20-1-3,,DSH,19-10-12,,,20-10-10,,20-2-12,MT-PS-9301-CS-0269-1,,InProgress,80%
1204-62-ST-DWG-650,01,D-6202 / FDN. (G.A. & R.C.),,DE,IFC,,ST,PS-OT-T-0291,16-6-18,,,No,1416,1204-Owner-v,16-6-19,,CDW,16-6-18,,,,16-6-18,,,,complete,100%
1204-00-ST-DWG-088,03,PIPE RACK ZONE 11 / STEEL STRUCTURE,,DE,IFC,,ST,PS-OT-T-0411,17-1-21,,,No,1199,1204-Owner-v,17-1-24,,CDW,17-1-23,,,,17-1-23,,,,complete,100%
1204-04-EL-DWG-021,00,EARTHING LAYOUT FOR AREA-04 - AE-3001 AND DA-4001,,DE,IFR,,EL,PS-OT-T-330,16-8-28,16-10-10,,Yes,29,1204-Owner-v,16-8-28,,CDW,20-7-20,,,20-7-20,,16-9-3,MT-PS-9301-CS-182-R,,InProgress,80%
1204-30-RE-DSH-042,01,DATA SHEET FOR 2nd REFINING COLUMN REFLUX PUMPS (P-3004 A/B),,DE,IFR,,MC,PS-OT-T-0387,16-12-20,,,No,1231,1204-Owner-v,16-12-24,,DSH,16-12-20,,,,16-12-20,,,,InProgress,80%
1204-90-HV-DSH-220,01,DATA SHEET FOR MOTORIZED FIRE DAMPER FOR SUBSTATION,,DE,IFE,,HV,TM-OT-9001-T-0429,15-1-14,,,No,1937,1204-TKT-COLANGELI,15-1-14,,DSH,15-1-14,,,,15-1-14,15-1-27,MT-TM-9301-CS-033,,complete,100%
1204-30-ST-DWG-311,02,"STRUCTURE ""C"" FOR D-3001,D-3002,E-3001,E-3002,E-3007,E-3011 / FDN. (G.A. & R.C. DETAILS)",,DE,IFC,,ST,PS-OT-T-0757,19-3-2,,,No,429,1204-Owner-v,19-3-4,,CDW,19-3-2,,,,19-3-2,,,,complete,100%
1204-10-PV-REQ-202F,01,"REQUISITION FOR STEAM DRUM, STEAM GENERATOR AND STEAM SUPER HEATER PACKAGE",,DE,IFP,,MD,PS-OT-T-0166,15-12-30,,,No,1587,1204-Owner-v,16-1-2,,REQ,19-10-1,,,19-10-14,,16-1-17,MT-PS-9301-CS-088,,complete,100%
1204-00-PI-LST-1400,00,A/G ISOMETRIC LIST OF AREA-14,,DE,IFR,,PI,PS-OT-T-0165,15-12-30,,,No,1587,1204-Owner-v,16-1-2,,CDW,19-12-13,,,20-5-28,16-1-6,,,,InProgress,80%
1204-10-PI-ISO-7100,01,U/G ISOMETRIC DRAWING OF AREA-71,,DE,IFC-WH,,PI,PS-OT-T-0618,18-5-23,,,No,712,1204-Owner-v,18-6-3,,CDW,20-6-30,,,20-6-30,,18-5-23,MT-PS-9609-CS-076,,InProgress,90%
1204-00-QC-SOI-506,00,SCOPE OF INSPECTION FOR AC UPS,,DE,IFI,,QC,PS-OT-T-9999,15-6-14,,,No,32633,,,,SCOPE,20-5-15,,,,,,,,complete,100%
1204-00-RE-REQ-307B,01,REQUISITION FOR CENTRIFUGAL PUMPS (GROUP B),,DE,IFI,,MC,PS-OT-T-0385,16-12-20,,,No,1231,1204-Owner-v,18-5-1,,REQ,16-12-20,,,,16-12-20,,,,InProgress,90%
1204-10-ST-DWG-164,02,REFORMER (TRANSFERLINE SUPPORTS 4 TO 7) / FDN.(G.A. & R.C. DETAILS),,DE,IFC,,ST,PS-OT-T-0705,18-10-21,,,No,561,1204-Owner-v,18-10-23,,CDW,18-10-24,,,,18-10-24,,,,complete,100%
1204-00-IN-DWG-037,00,INSTRUMENT FIELD & CABLE LAYOUT (AREA 37),,DE,IFR,,IN,PS-OT-T-0280,16-6-12,,,No,1422,1204-Owner-v,16-6-13,,CDW,20-6-24,,,20-6-24,,16-8-15,MT-PS-9301-CS-164-R,,InProgress,80%
1204-64-ST-DWG-717,01,D-6401 / FDN. (G.A. & R.C.),,DE,IFC,,ST,PS-OT-T-0384,16-12-18,,,No,1233,1204-Owner-v,16-12-21,,CDW,16-12-18,,,,16-12-18,,,,complete,100%
1204-00-ST-DWG-1133,01,VB-6102 / R.C. DETAILS,,DE,IFC,,ST,PS-OT-T-0580,18-3-13,,,No,783,1204-Owner-v,18-4-14,,CDW,18-3-13,,,,18-3-13,,,,complete,100%
1204-10-PV-REQ-202S,00,REQUISITION FOR STEAM SUPER HEATERS AND TRANSFER LINES OF WASTE HEAT BOILER,,DE,IFI,,MD,PS-OT-T-0848,19-12-23,,,No,133,1204-Owner-v,19-12-26,,REQ,19-10-14,,,19-10-14,,20-1-3,MT-PS-9609-CS-0259,,InProgress,90%
1204-40-ST-DWG-455,01,BOILER (PU-4006 A ) / FDN. (G.A. & R.C. DETAILS II ),,DE,IFC,,ST,PS-OT-T-0191,16-1-30,,,No,1556,1204-Owner-v,16-1-31,,CDW,16-1-30,,,,16-1-30,16-2-1,MT-PS-9301-CS-097,,complete,100%
1204-03-EL-DWG-012,00,"LIGHTING LAYOUT AREA-03 (D-3001, 3002, E-3002, 3007, 3011, T-3001)",,DE,IFR,,EL,PS-OT-T-0159,15-12-28,16-7-21,,Yes,192,1204-Owner-v,15-12-30,,CDW,20-7-15,,,20-7-15,16-1-16,16-1-19,MT-PS-9301-CS-078-1,,InProgress,80%
1204-40-IN-DWG-042,00,INSTRUMENT FIELD & CABLE LAYOUT (AREA 42),,DE,IFR,,IN,PS-OT-T-333,16-9-3,,,No,1339,1204-Owner-v,16-9-3,,CDW,20-6-25,,,20-6-25,,16-9-17,MT-PS-9301-CS-187-R,,InProgress,80%
1204-40-ST-DWG-462,01,BOILER (PU-4006 B ) / FDN. ( R.C. DETAILS III ),,DE,IFC,,ST,PS-OT-T-0243,16-4-16,,,No,1479,1204-Owner-v,16-4-17,,CDW,16-4-16,,,,16-4-16,,,,complete,100%
1204-10-RE-DSH-060,01,"DATA SHEET FOR E.O.T CRANE FOR N2 COMPRESSOR, CN-1001",,DE,IFR,,MC,PS-OT-T-0660,18-8-5,,,No,638,1204-Owner-v,18-8-15,,DSH,18-8-5,,,,18-8-5,,,,InProgress,80%
1204-61-ST-DWG-551,00,ASU (AE-6187) / CONCRETE STRUCTURE (G.A. PLANS & DETAILS),,DE,IFR,,ST,PS-OT-T-0653,18-7-23,,,No,651,1204-Owner-v,18-7-30,,CDW,18-7-23,,,,18-7-23,18-8-4,MT-PS-9609-CS-104,,InProgress,80%
1204-20-RE-DSH-064,01,"DATA SHEET FOR MANUAL CHAIN HOIST FOR E-2003 A/B, CN-2002",,DE,IFR,,MC,PS-OT-T-0660,18-8-5,,,No,638,1204-Owner-v,18-8-15,,DSH,18-8-5,,,,18-8-5,,,,InProgress,80%
1204-10-ST-DWG-161,01,"STRUCTURE FOR WHB, ATR, E-1003A/B & D-4001A/B/COMBINED FDN. (G.A. & DETAILS )",,DE,IFC,,ST,PS-OT-T-0704,18-10-21,,,No,561,1204-Owner-v,18-10-24,,CDW,18-10-21,,,,18-10-21,,,,complete,100%
1204-30-ST-DWG-136,01,"STRUCTURE ""Q"" FOR R-1001,R-1002A/B & R-1003 /STEEL STRUCTURE (STAIR)",,DE,IFC,,ST,PS-OT-T-0788,19-5-8,,,No,362,1204-Owner-v,19-5-12,,CDW,19-5-13,,,,19-5-13,,,,complete,100%
1204-00-QC-SOI-514,00,SCOPE OF INSPECTION FOR CCTV SYSTEM,,DE,IFI,,QC,PS-OT-T-9999,15-6-14,,,No,32633,1204-Owner-v,20-2-25,,SCOPE,20-5-15,,,,,,,,complete,100%
1204-40-PV-DSH-224,01,MECHANICAL DATA SHEET FOR LP CONDENSATE DRUM (D-4003),,DE,IFE,,MD,TM-OT-9001-T-0214,12-12-11,,,No,2701,1204-TKT-COLANGELI,12-12-11,,DSH,12-12-11,,,,12-12-11,,,,complete,100%
1204-90-EL-SLD-079,01,TECHNICAL BUILDING NORMAL LIGHTING PANEL ONE LINE DIAGRAM,,DE,IFC,,EL,TM-OT-9001-T-0349,14-1-23,,,No,2293,1204-TKT-COLANGELI,14-1-23,,CDW,14-1-23,,,,14-1-23,,,,complete,100%
1204-90-HV-DSH-025,00,DATA SHEET FOR CENTRIFUGAL EXHAUST FAN FOR LV SGR. CO2 REMOVAL IN SUBSTATION,,DE,IFE,,HV,TM-OT-9001-T-0316,13-9-11,,,No,2427,1204-TKT-COLANGELI,13-9-9,,DSH,13-9-11,,,,13-9-11,,,,InProgress,80%
1204-90-HV-DSH-096,01,DATA SHEET FOR WALL TYPE EXHAUST FAN FOR CAT. AND CHEM. ST. IN WAREHOUSE,,DE,IFE,,HV,TM-OT-9001-T-0443,15-2-24,,,No,1896,1204-TKT-COLANGELI,15-2-24,,DSH,15-2-24,,,,15-2-24,,,,complete,100%
1204-90-HV-DSH-105,02,DATA SHEET FOR BLAST PROTECTION VALVE FOR PRD IN ENGINEERING ROOM IN CONTROL BUILDING,,DE,IFE,,HV,TM-OT-9001-T-0383,14-7-7,,,No,2128,1204-TKT-COLANGELI,14-7-7,,DSH,14-7-7,,,,14-7-7,14-11-22,MT-TM-9301-CS-014,,complete,100%
1204-72-HS-PID-001,01,PIPING AND INSTRUMENTATION DIAGRAM FOR SPRAY NOZZLE SYSTEM FOR TK-7201,,DE,IFR,,HSE,PS-OT-T-0012,15-3-17,,,No,1875,1204-Owner-v,15-3-25,,EDW,19-10-1,,,20-7-30,,,,,InProgress,80%
1204-10-PI-UPL-6100,02,UNDER GROUND PIPING PLAN AREA-61,,DE,IFC-WH,,PI,PS-OT-T-0627,18-6-3,,,No,701,1204-Owner-v,18-6-9,,CDW,18-6-17,,,,18-6-17,,,,InProgress,90%
1204-30-PI-APL-2200,01,PIPING PLAN AREA-22,,DE,IFC-WH,,PI,PS-OT-T-0661,18-8-5,,,No,638,1204-Owner-v,18-8-8,,CDW,20-6-11,,,20-6-11,,,,,InProgress,90%
1204-40-PI-UPL-6600,02,UNDER GROUND PIPING PLAN AREA-66,,DE,IFC-WH,,PI,PS-OT-T-0682,18-9-16,,,No,596,1204-Owner-v,18-9-18,,CDW,18-10-2,,,,18-10-2,,,,InProgress,90%
1204-60-PI-ISO-6200,01,U/G ISOMETRIC DRAWING OF AREA-62,,DE,IFC-WH,,PI,PS-OT-T-0597,18-4-25,,,No,740,1204-Owner-v,18-4-30,,CDW,20-6-30,,,20-6-30,,,,,InProgress,90%
1204-63-PI-APL-1700,00,PIPING PLAN AREA-17,,DE,IFR,,PI,PS-OT-T-0165,15-12-30,,,No,1587,1204-Owner-v,16-1-2,,CDW,19-12-20,,,20-6-4,16-1-6,16-5-7,MT-PS-9301-CS-142,,InProgress,80%
1204-00-PI-ISO-3800,00,A/G ISOMETRIC DRAWING OF AREA-38,,DE,IFR,,PI,PS-OT-T-0327,16-8-28,,,No,1345,1204-Owner-v,16-8-28,,CDW,20-6-11,,,20-6-11,16-9-3,,,,InProgress,80%
1204-10-PI-APL-4600,00,PIPING PLAN AREA-46,,DE,IFR,,PI,PS-OT-T-0349,16-10-10,,,No,1302,1204-Owner-v,16-10-23,,CDW,20-6-16,,,20-6-16,16-10-19,,,,InProgress,80%
1204-10-RE-DSH-016,01,DATA SHEETS FOR N2 CIRCULATOR COMPRESSOR (C-1001),,DE,IFR,,MC,PS-OT-T-0434,17-4-5,,,No,1125,1204-Owner-v,17-4-8,,DSH,17-4-5,,,,17-4-5,,,,InProgress,80%
1204-03-EL-SLD-062,00,SINGLE LINE DIAGRAM FOR 03-DP-01,,DE,IFR,,EL,PS-OT-T-0203,16-2-28,16-7-21,,Yes,130,1204-Owner-v,16-2-29,,CDW,20-10-10,,,20-10-10,16-3-9,16-3-5,MT-PS-9301-CS-112,,InProgress,80%
1204-00-IN-DWG-035,00,INSTRUMENT FIELD & CABLE LAYOUT (AREA 35),,DE,IFR,,IN,PS-OT-T-332,16-8-31,,,No,1342,1204-Owner-v,16-9-1,,CDW,20-6-24,,,20-6-24,,16-9-17,MT-PS-9301-CS-186-R,,InProgress,80%
1204-64-IN-DWG-031,00,INSTRUMENT FIELD & CABLE LAYOUT (AREA 31),,DE,IFR,,IN,PS-OT-T-0326,16-8-27,,,No,1346,1204-Owner-v,16-8-28,,CDW,20-6-23,,,20-6-23,,16-9-17,MT-PS-9301-CS-185-R,,InProgress,80%
1204-04-EL-SLD-065,00,SINGLE LINE DIAGRAM FOR 04-ELP-01,,DE,IFR,,EL,PS-OT-T-0297,16-6-25,16-7-21,,Yes,12,1204-Owner-v,16-6-28,,CDW,20-10-10,,,20-10-10,16-7-2,16-6-25,MT-PS-9301-CS-169,,InProgress,80%
1204-30-ST-DWG-323,01,"STRUCTURE  ""D"" FOR E-3006,E-3010A/B / STEEL STRUCTURE (ELEVATION & DETS.)",,DE,IFC,,ST,PS-OT-T-0789,19-5-8,,,No,362,1204-Owner-v,19-5-12,,CDW,19-5-8,,,,19-5-8,,,,complete,100%
1204-63-PI-APL-1600,00,PIPING PLAN AREA-16,,DE,IFR,,PI,PS-OT-T-0165,15-12-30,,,No,1587,1204-Owner-v,16-1-2,,CDW,19-12-20,,,20-6-4,16-1-6,16-5-7,MT-PS-9301-CS-142,,InProgress,80%
1204-61-PR-DSH-101,00,DATASHEET FOR AIR SEPARATION UNIT (ASU) (PU-6101),,BE,IFR,,PR,PS-OT-T-0086,15-8-3,,,No,1736,1204-Owner-v,15-8-4,,DSH,20-5-1,,,20-6-30,15-8-4,,,,InProgress,80%
1204-62-ST-DWG-620,01,D-6201 / FDN. (G.A. & R.C.),,DE,IFC,,ST,PS-OT-T-0293,16-6-21,,,No,1413,1204-Owner-v,16-6-22,,CDW,16-6-21,,,,16-6-21,,,,complete,100%
1204-00-PI-MTO-416A,00,MATERIAL TAKE OFF FOR A.S & S.S ELECTRODE & WELDING ROD (MTO I),,DE,IFE,,PI,PS-OT-T-0303,16-7-10,,,No,1394,1204-Owner-v,16-7-12,,LIST,16-7-16,,,,16-7-16,,,,complete,100%
1204-00-EL-SLD-089,01,PDCS GRAPHIC DISPLAY DIAGRAM,,DE,IFR,,EL,PS-OT-T-0736,18-12-22,19-1-22,,Yes,17,1204-Owner-v,18-12-23,,CDW,18-12-22,,,,18-12-22,,,,InProgress,80%
1204-00-ST-DWG-1137,02,VB-6203 / R.C. DETAILS,,DE,IFC,,ST,PS-OT-T-0725,18-12-10,,,No,511,1204-Owner-v,18-12-12,,CDW,18-12-10,,,,18-12-10,,,,complete,100%
1204-10-PV-REQ-202D,00,REQUISITION FOR  STEAM DRUMS OF WASTE HEAT BOILER,,DE,IFI,,MD,PS-OT-T-0848,19-12-23,,,No,133,1204-Owner-v,19-12-29,,REQ,19-10-14,,,19-10-14,,,,,InProgress,90%
1204-00-ST-REQ-740D,00,REQUISITION FOR FABRICATION & SUPPLY OF STEEL STRUCTURES (PART D),,DE,IFI,,ST,PS-OT-T-0915,20-2-25,,,No,69,1204-Owner-v,20-2-27,,REQ,20-6-23,,,20-6-30,,,,,complete,100%
1204-90-HS-LST-008,02,SAFETY EQUIPMENT LIST FOR WORK SHOP,,DE,IFE,,HSE,PS-OT-T-376,16-12-12,,,No,1239,1204-Owner-v,16-12-19,,LIST,16-12-12,,,,16-12-12,,,,complete,100%
1204-10-HM-TBA-251B,00,TECHNICAL BID ANALYSIS FOR STEEL WORK SUPPLY AND SHOP PREFABRICATION (FURNACE),,DE,IFE,,MD,PS-OT-T-0709,18-10-27,,,No,555,1204-Owner-v,18-10-28,,TBA,18-10-27,,,,18-10-27,,,,complete,100%
1204-00-ST-DWG-1111,01,PIPE CULVERT / G.A. PLANS & SECTIONS,,DE,IFC,,ST,PS-OT-T-0022,15-4-18,,,No,1843,1204-Owner-v,15-4-19,,CDW,15-4-18,,,,15-4-18,,,,complete,100%
1204-83-HS-UDD-001,01,UTILITY DISTRIBUTION DIAGRAM FOR FLARE NETWORK,,DE,IFC-WH,,HSE,PS-OT-T-0658,18-8-1,,,No,642,1204-Owner-v,18-8-7,,LIST,20-8-1,,,20-8-1,,,,,complete,100%
1204-00-PI-ISO-3600,00,A/G ISOMETRIC DRAWING OF AREA-36,,DE,IFR,,PI,PS-OT-T-0340,16-9-28,,,No,1314,1204-Owner-v,16-10-1,,CDW,20-6-11,,,20-6-11,16-10-10,,,,InProgress,80%
1204-90-EL-DIG-003,00,FIRE ALARM RISER DIAGRAM FOR WAREHOUSE BUILDING,,DE,IFR,,EL,PS-OT-T-0123,15-10-31,16-7-24,,Yes,253,1204-Owner-v,15-11-1,,CDW,20-4-21,,,20-4-21,15-11-16,15-12-26,MT-PS-9301-CS-067,,InProgress,80%
1204-00-PI-REQ-460A,02,REQUISITION FOR COATING & WRAPPING(MTO I),,DE,IFP,,PI,PS-OT-T-0513,17-12-11,,,No,875,1204-Owner-v,17-12-16,,REQ,17-12-16,,,,17-12-16,18-1-8,MT-PS-9609-CS-004,,complete,100%
1204-00-ST-DWG-087,01,PIPE RACK STAIRS (ZONE 6 TO 9) / STRUCTURE  (G.A. & SECTIONS II ),,DE,IFC,,ST,PS-OT-T-0254,16-5-2,,,No,1463,1204-Owner-v,16-5-3,,CDW,16-5-2,,,,16-5-2,,,,complete,100%
1204-64-ST-DWG-720,01,D-6402 / FDN. (G.A. & R.C.),,DE,IFC,,ST,PS-OT-T-0391,16-12-25,,,No,1226,1204-Owner-v,16-12-26,,CDW,16-12-25,,,,16-12-25,,,,complete,100%
1204-20-ST-DWG-261,02,PU-2001 (HRU) / FDN. (G.A. & R.C.),,DE,IFC,,ST,PS-OT-T-0690,18-9-26,,,No,586,1204-Owner-v,18-9-29,,CDW,18-10-2,,,,18-10-2,,,,complete,100%
1204-83-ST-DWG-771,01,D-8301 / FDN. (G.A. & R.C.),,DE,IFC,,ST,PS-OT-T-0291,16-6-18,,,No,1416,1204-Owner-v,16-6-19,,CDW,16-6-18,,,,16-6-18,,,,complete,100%
1204-00-ST-DWG-778,02,CONCRETE CABLE TRENCH / SECTIONS & DETAILS,,DE,IFC,,ST,PS-OT-T-0662,18-8-5,,,No,638,1204-Owner-v,18-8-11,,CDW,18-8-5,,,,,,,,complete,100%
1204-00-ST-DWG-1112,01,EAST RETAINING WALL (FIRST PART)  / G.A. PLAN & R.C. DETAILS (II),,DE,IFC,,ST,PS-OT-T-0700,18-10-10,,,No,572,1204-Owner-v,18-10-11,,CDW,18-10-10,,,,18-10-10,,,,complete,100%
1204-90-HS-DWG-015,00,FIRE AND GAS ALARM LAYOUT FOR ASU SUBSTATION,,DE,IFR,,HSE,PS-OT-T-0713,18-11-4,,,No,547,1204-Owner-v,18-11-6,,EDW,20-7-10,,,20-7-10,,,,,InProgress,80%
1204-00-PI-PPL-009,01,ABOVE GROUND AND UNDERGROUND TIE IN LOCATION,,DE,IFR,,PI,PS-OT-T-0710,18-11-3,,,No,548,1204-Owner-v,18-11-16,,CDW,20-6-1,,,20-6-1,,,,,InProgress,80%
1204-20-ST-DWG-215,01,"STRUCTURE ""A"" FOR D-2003,E-2001A/B,E-2003A/B,E-2002,E-2005A/B,E-2006/CONC. STR. (R.C. DETS. II)",,DE,IFC,,ST,PS-OT-T-0785,19-4-27,,,No,373,1204-Owner-v,19-4-28,,CDW,19-5-22,,,,19-5-22,,,,complete,100%
1204-00-ST-DWG-186,00,PIPE RACK ZONE 14 / FDN. (G.A. & R.C.),,DE,IFR,,ST,PS-OT-T-0958,20-4-28,,,No,6,1204-Owner-v,20-4-29,,CDW,20-3-23,,,20-3-23,,,,,InProgress,90%
1204-90-HV-DWG-002,04,CONTROL ROOM - SECTION OF DUCTING,,DE,IFC,,HV,PS-OT-T-0706,18-10-22,,,No,560,1204-Owner-v,18-10-24,,CDW,18-10-22,,,,18-10-22,,,,complete,100%
1204-90-HV-DWG-022,03,SUBSTATION - SECTION OF DUCTING,,DE,IFC,,HV,PS-TM-T-0386,15-1-15,,,No,-2812,1204-Owner-v,15-4-18,,CDW,15-1-15,,,,15-1-15,,,,complete,100%
1204-90-HV-DWG-037,01,FIRE STATION - HVAC SYSTEM LAYOUT,,DE,IFC,,HV,TM-OT-9001-T-0317,13-9-16,,,No,2422,1204-TKT-COLANGELI,13-9-11,,CDW,13-9-16,,,,13-9-16,,,,InProgress,80%
1204-90-HV-DSH-065,01,DATA SHEET FOR CENTRIFUGAL EXHAUST FAN FOR TOILET IN ADMINISTRATION AND TRAINING,,DE,IFE,,HV,TM-OT-9001-T-0452,15-3-6,,,No,1886,1204-TKT-COLANGELI,15-3-4,,DSH,15-3-6,,,,15-3-6,,,,complete,100%
1204-90-HV-DWG-092,01,WAREHOUSE - HVAC OPENING LOCATION AND SUPPORTS,,DE,IFC,,HV,TM-OT-9001-T-0290,13-6-7,,,No,2523,1204-TKT-COLANGELI,13-6-4,,CDW,13-6-7,,,,13-6-7,,,,complete,100%
1204-90-HV-DSH-044,00,DATA SHEET FOR CENTRIFUGAL EXHAUST FAN FOR TEA ROOM IN ADMINSTRATION,,DE,IFE,,HV,TM-OT-9001-T-0316,13-9-11,,,No,2427,1204-TKT-COLANGELI,13-9-9,,DSH,13-9-11,,,,13-9-11,,,,InProgress,80%
1204-90-HV-DSH-066,01,DATA SHEET FOR PACKAGE AIR HANDLING UNIT FOR TRAINING,,DE,IFE,,HV,TM-OT-9001-T-0452,15-3-6,,,No,1886,1204-TKT-COLANGELI,15-3-4,,DSH,15-3-6,,,,15-3-6,,,,complete,100%
1204-30-ST-DWG-344,01,"STRUCTURE  ""F"" FOR D-3004,D-3005,E-3003C/D,E-3005,E-3009 / BEAMS (G.A. PLAN & R.C. DETAILS)",,DE,IFC,,ST,PS-OT-T-0393,16-12-28,,,No,1223,1204-Owner-v,16-12-28,,CDW,16-12-28,,,,16-12-28,,,,complete,100%
1204-00-EL-DWG-022,02,OVERALL HAZARDOUS AREA CLASSIFICATION DRAWING,,DE,IFR,,EL,PS-OT-T-0304,16-7-11,16-7-24,,Yes,-1,1204-Owner-v,16-7-12,,CDW,20-8-30,,,20-8-30,16-7-21,,,,InProgress,80%
1204-10-PI-ISO-6100,01,U/G ISOMETRIC DRAWING OF AREA-61,,DE,IFC-WH,,PI,PS-OT-T-0627,18-6-3,,,No,701,1204-Owner-v,18-6-9,,CDW,20-6-30,,,20-6-30,,,,,InProgress,90%
1204-30-PI-LST-2300,01,A/G ISOMETRIC LIST OF AREA-23,,DE,IFC-WH,,PI,PS-OT-T-0651,18-7-23,,,No,651,1204-Owner-v,18-7-28,,CDW,20-6-11,,,20-6-11,,18-8-4,MT-PS-9609-CS-105,,InProgress,90%
1204-00-ST-DWG-055,01,PIPE RACK ZONE 8 / CONCRETE STRUCTURE ( R.C. DETAILS I ),,DE,IFC,,ST,PS-OT-T-0069,15-7-1,,,No,1769,1204-Owner-v,15-7-1,,CDW,15-7-1,,,,15-7-1,,,,complete,100%
1204-10-ST-DWG-131,03,"STRUCTURE ""Q"" FOR R-1001,R-1002A/B & R-1003 / FDN. (G.A. & DETAILS)",,DE,IFC,,ST,PS-OT-T-0967,20-5-9,,,No,-5,1204-Owner-v,20-5-11,,CDW,19-4-16,,,,19-4-16,,,,complete,100%
1204-10-ST-DWG-149,02,REFORMER (H-1001)  /  FDN. (R.C. & DETAILS II ),,DE,IFC,,ST,PS-OT-T-0672,18-8-28,,,No,615,1204-Owner-v,18-9-1,,CDW,18-9-3,,,,18-9-3,,,,complete,100%
1204-30-ST-DWG-309,01,"STRUCTURE ""B"" FOR D-3003 & E-3003A/B / CONCRETE  STRUCTURE (R.C. DETAILS II )",,DE,IFC,,ST,PS-OT-T-0347,16-10-4,,,No,1308,1204-Owner-v,16-10-5,,CDW,16-10-4,,,,16-10-4,,,,complete,100%
1204-90-ST-DWG-901,01,CONTROL ROOM & LABORATORY / FDN.. OF NON BLAST PART(G.A.& DETAILS),,DE,IFC,,ST,PS-TM-T-0255,21-9-13,,,No,-497,1204-TKT-COLANGELI,13-9-27,,CDW,20-6-20,,,20-6-20,,,,,InProgress,80%
1204-00-QC-SOI-206A,01,SCOPE OF INSPECTION FOR COLUMNS (GROUP I),,DE,IFP,,QC,PS-OT-T-9999,15-6-14,,,No,32633,,,,SCOPE,20-5-15,,,,,,,,complete,100%
1204-90-ST-DWG-1058,01,FIRE STATION / BEAMS & COLUMNS (G.A. PLAN),,DE,IFC,,ST,TM-OT-9001-T-0341,13-12-18,,,No,2329,1204-TKT-COLANGELI,13-12-16,,CDW,13-12-18,,,,13-12-18,,,,complete,100%
1204-90-ST-DWG-913,01,CONTROL ROOM & LABORATORY / MISCELLANEOUS DETAILS,,DE,IFC,,ST,TM-OT-9001-T-0334,13-11-6,,,No,2371,1204-TKT-COLANGELI,13-11-6,,CDW,13-11-6,,,,13-11-6,,,,complete,100%
1204-20-ST-DWG-214,01,"STRUCTURE ""A"" FOR D-2003,E-2001A/B,E-2003A/B,E-2002,E-2005A/B,E-2006/CONC. STR. (R.C. DETS. I)",,DE,IFC,,ST,PS-OT-T-0785,19-4-27,,,No,373,1204-Owner-v,19-4-28,,CDW,19-5-22,,,,19-5-22,,,,complete,100%
1204-00-ST-DWG-184,01,PIPE RACK ZONE 13 /  STEEL STRUCTURE (PLAN & DETS.),,DE,IFC,,ST,PS-OT-T-0955,20-4-27,,,No,7,1204-Owner-v,20-4-29,,CDW,20-3-31,,,20-5-31,,20-4-6,MT-PS-9609-CS-0324,,complete,100%
1204-00-ST-REQ-740C,01,REQUISITION FOR FABRICATION & SUPPLY OF STEEL STRUCTURES (PART C),,DE,IFP,,ST,PS-OT-T-0886,20-2-9,,,No,85,1204-Owner-v,20-2-10,,REQ,19-12-24,,,19-12-30,,,,,complete,100%
1204-90-HV-DID-014,03,LABORATORY - MECHANICAL ROOM GENERAL DIAGRAM,,DE,IFC,,HV,PS-OT-T-0007,15-3-11,,,No,1881,1204-Owner-v,15-3-17,,CDW,15-3-11,,,,15-3-11,,,,complete,100%
1204-90-HV-DSH-039,00,DATA SHEET FOR CENTRIFUGAL EXHAUST FAN FOR TEA ROOM IN FIRE STATION,,DE,IFE,,HV,TM-OT-9001-T-0316,13-9-11,,,No,2427,1204-TKT-COLANGELI,13-9-9,,DSH,13-9-11,,,,13-9-11,,,,InProgress,80%
1204-90-HV-DSH-054,01,DATA SHEET FOR CENTRIFUGAL EXHAUST FAN FOR TOILET IN ADM./TR./RE.,,DE,IFE,,HV,TM-OT-9001-T-0450,15-3-6,,,No,1886,1204-TKT-COLANGELI,15-3-4,,DSH,15-3-6,,,,15-3-6,,,,complete,100%
1204-63-PI-LST-2100,01,A/G ISOMETRIC LIST OF AREA-21,,DE,IFC-WH,,PI,PS-OT-T-0933,20-3-14,,,No,51,1204-Owner-v,20-3-15,,CDW,20-6-11,,,20-6-11,,,,,InProgress,90%
1204-71-PI-ISO-3300,00,A/G ISOMETRIC DRAWING OF AREA-33,,DE,IFR,,PI,TM-OT-9001-T-0427,15-1-12,,,No,1939,1204-TKT-COLANGELI,15-1-9,,CDW,19-12-13,,,20-5-28,15-1-12,,,,InProgress,80%
1204-00-DC-PCJ-001,04,VENDOR DOCUMENT MANAGEMENT PROCEDURE,,DE,IFE,,QA,PS-OT-T-10000,20-12-20,,,No,-230,1204-Owner-v,20-1-28,,VDR,20-1-28,,,,,,,,complete,100%
1204-00-PI-LST-3900,00,A/G ISOMETRIC LIST OF AREA-39,,DE,IFR,,PI,PS-OT-T-0344,16-10-2,,,No,1310,1204-Owner-v,16-10-4,,CDW,20-6-11,,,20-6-11,16-10-10,,,,InProgress,80%
1204-10-IN-DWG-046,00,INSTRUMENT FIELD & CABLE LAYOUT (AREA 46),,DE,IFR,,IN,PS-OT-T-0353,16-10-19,,,No,1293,1204-Owner-v,16-10-23,,CDW,20-6-26,,,20-6-26,,17-5-7,MT-PS-9301-CS-224-R,,InProgress,80%
1204-00-EL-DSH-5038,00,"DATA SHEET FOR LV SWITCHGEAR  (SS01-SWB3A,B,C-02)",,DE,IFR,,EL,PS-OT-T-0527,18-1-1,18-2-12,,Yes,28,1204-Owner-v,18-1-2,,DSH,20-5-8,,,20-5-8,,18-5-31,MT-PS-9609-CS-013-R,,InProgress,80%
1204-40-ST-DWG-452,02,BOILER (PU-4006 B ) / FDN. (G.A. & R.C. DETAILS I ),,DE,IFC,,ST,PS-OT-T-0237,16-4-13,,,No,1482,1204-Owner-v,16-4-16,,CDW,16-4-19,,,,16-4-19,,,,complete,100%
1204-02-EL-SLD-056,00,SINGLE LINE DIAGRAM FOR 02-LP-01,,DE,IFR,,EL,PS-OT-T-0203,16-2-28,16-7-21,,Yes,130,1204-Owner-v,16-2-29,,CDW,20-10-10,,,20-10-10,,,,,InProgress,80%
1204-03-EL-DWG-002,00,POWER LAYOUT AREA-03 AE-3002,,DE,IFR,,EL,PS-OT-T-0204,16-2-28,16-7-23,,Yes,132,1204-Owner-v,16-3-2,,CDW,20-7-15,,,20-7-15,,16-4-5,MT-PS-9301-CS-119-1,,InProgress,80%
1204-00-PR-LST-016,00,EFFLUENT SUMMARY,,DE,IFR,,PR,PS-OT-T-447,17-5-6,,,No,1094,1204-Owner-v,17-5-7,,LIST,20-8-20,,,20-8-20,17-5-7,,,,InProgress,90%
1204-00-EL-SLD-023,01,SINGLE LINE DIAGRAM FOR LV VSD PANEL  MS-VSD-01,,DE,IFR,,EL,PS-OT-T-0735,18-12-22,19-1-22,,Yes,17,1204-Owner-v,18-12-23,,CDW,20-9-30,,,20-9-30,,,,,InProgress,80%
1204-30-PI-ISO-2400,00,A/G ISOMETRIC DRAWING OF AREA-24,,DE,IFR,,PI,PS-OT-T-0437,17-4-9,,,No,1121,1204-Owner-v,17-4-16,,CDW,20-6-11,,,20-6-11,17-4-25,,,,InProgress,80%
1204-61-ST-DWG-554,00,ASU (E-6124) / FDN. (G.A. & R.C.),,DE,IFR,,ST,PS-OT-T-0653,18-7-23,,,No,651,1204-Owner-v,18-7-30,,CDW,18-7-23,,,,18-7-23,18-8-4,MT-PS-9609-CS-104,,InProgress,80%
1204-00-ST-REQ-742,02,REQUISITION FOR ANCHOR BOLTS,,DE,IFI,,ST,PS-OT-T-0248,16-4-19,,,No,1476,1204-Owner-v,16-4-20,,REQ,16-4-25,,,,16-4-25,,,,complete,100%
1204-00-IN-DSH-615,00,DATA SHEET FOR SIGHT GLASSES,,DE,IFR,,IN,PS-OT-T-446,17-4-29,,,No,1101,1204-Owner-v,17-5-7,,DSH,20-8-10,,,20-8-10,,17-1-24,MT-PS-9301-CS-206,,InProgress,80%
1204-30-ST-DWG-340,01,"STRUCTURE  ""F"" FOR D-3004,D-3005,E-3003C/D,E-3005,E-3009 / FDN. ( R.C. DET. II )",,DE,IFC,,ST,PS-OT-T-0394,17-1-1,,,No,1219,1204-Owner-v,17-1-2,,CDW,17-1-1,,,,17-1-1,,,,complete,100%
1204-00-EL-DSH-511,00,DATA SHEET FOR 230V AC UPS (MS-UPS-01),,DE,IFR,,EL,PS-OT-T-481,17-9-11,,,No,966,1204-Owner-v,17-9-13,,DSH,20-4-21,,,20-4-21,,18-6-10,MT-PS-9301-CS-250-R,,InProgress,80%
1204-00-ST-DWG-1128,01,DV-6301 /FDN. (G.A. & DETAILS),,DE,IFC,,ST,PS-OT-T-0562,18-2-21,,,No,803,1204-Owner-v,18-2-27,,CDW,18-2-21,,,,18-2-21,18-2-27,MT-PS-9609-CS-038,,complete,100%
1204-10-ST-DWG-157,01,REFORMER (VERTICAL CONVECTION SECTION) FDN. (R.C.),,DE,IFC,,ST,PS-OT-T-0675,18-9-5,,,No,607,1204-Owner-v,18-9-11,,CDW,18-9-5,,,,18-9-5,18-8-3,MT-PS-9609-CS-103,,complete,100%
1204-84-HS-DSH-012,01,DATA SHEET FOR SANITARY WATER COLLECTION BASIN (SU-8405),,DE,IFR,,HSE,PS-OT-T-0854,19-12-28,,,No,128,1204-Owner-v,20-1-3,,DSH,20-10-10,,,20-10-10,,20-2-12,MT-PS-9301-CS-0269-1,,InProgress,80%
1204-10-ST-DWG-133,01,"STRUCTURE ""Q"" FOR R-1001,R-1002A/B & R-1003 /STEEL STRUCTURE (PLAN & DETS.)",,DE,IFC,,ST,PS-OT-T-0788,19-5-8,,,No,362,1204-Owner-v,19-5-12,,CDW,19-5-13,,,,19-5-13,,,,complete,100%
1204-64-PI-APL-3000,00,PIPING PLAN AREA-30,,DE,IFR,,PI,PS-OT-T-0071,15-7-5,,,No,1765,1204-Owner-v,15-7-5,,CDW,20-6-4,,,20-6-4,15-7-5,15-8-29,MT-PS-9301-CS-011,,InProgress,80%
1204-00-PI-APL-3700,00,PIPING PLAN AREA-37,,DE,IFR,,PI,PS-OT-T-0282,16-6-12,,,No,1422,1204-Owner-v,16-6-14,,CDW,20-6-11,,,20-6-11,16-6-18,16-6-20,MT-PS-9301-CS-162,,InProgress,80%
1204-00-PI-LST-3800,00,A/G ISOMETRIC LIST OF AREA-38,,DE,IFR,,PI,PS-OT-T-0331,16-8-30,,,No,1343,1204-Owner-v,16-8-31,,CDW,20-6-11,,,20-6-11,16-9-3,,,,InProgress,80%
1204-10-IN-DWG-045,00,INSTRUMENT FIELD & CABLE LAYOUT (AREA 45),,DE,IFR,,IN,PS-OT-T-335,16-9-5,,,No,1337,1204-Owner-v,16-9-6,,CDW,20-6-25,,,20-6-25,,16-9-17,MT-PS-9301-CS-188-R,,InProgress,80%
1204-10-PI-ISO-4600,00,A/G ISOMETRIC DRAWING OF AREA-46,,DE,IFR,,PI,PS-OT-T-0349,16-10-10,,,No,1302,1204-Owner-v,16-10-23,,CDW,20-6-16,,,20-6-16,16-10-19,,,,InProgress,80%
1204-00-EL-DSH-5037,00,"DATA SHEET FOR LV SWITCHGEAR  (SS01-SWB3A,B-01)",,DE,IFR,,EL,PS-OT-T-0527,18-1-1,18-2-12,,Yes,28,1204-Owner-v,18-1-2,,DSH,20-5-11,,,20-5-11,,18-5-31,MT-PS-9609-CS-013-R,,InProgress,80%
1204-00-EL-SLD-010,00,"SINGLE LINE DIAGRAM FOR 400V SWITCHGEAR -SS01-SWB3A,B,C-02",,DE,IFR,,EL,PS-OT-T-0523,17-12-25,18-6-30,,Yes,173,1204-Owner-v,17-12-30,,CDW,20-9-30,,,20-9-30,,18-5-31,MT-PS-9609-CS-008-R,,InProgress,80%
1204-22-IN-DWG-019,00,INSTRUMENT FIELD & CABLE LAYOUT (AREA 19),,DE,IFR,,IN,PS-OT-T-0275,16-6-5,,,No,1429,1204-Owner-v,16-6-5,,CDW,20-6-19,,,20-6-19,,16-8-15,MT-PS-9301-CS-163-R,,InProgress,80%
1204-40-ST-DWG-460,01,BOILER (PU-4006 A ) / FDN. ( R.C. DETAILS III ),,DE,IFC,,ST,PS-OT-T-0243,16-4-16,,,No,1479,1204-Owner-v,16-4-17,,CDW,16-4-16,,,,16-4-16,,,,complete,100%
1204-05-EL-DWG-021,00,EARTHING LAYOUT AREA-05 AE-3002,,DE,IFR,,EL,PS-OT-T-0204,16-2-28,16-7-23,,Yes,132,1204-Owner-v,16-3-2,,CDW,20-7-30,,,20-7-30,,16-4-5,MT-PS-9301-CS-119-1,,InProgress,80%
1204-00-ST-DWG-1129,02,DV-6301 / R.C. DETAILS,,DE,IFC,,ST,PS-OT-T-0571,18-3-5,,,No,791,1204-Owner-v,18-3-12,,CDW,18-3-13,,,,18-3-13,18-3-7,MT-PS-9609-CS-041-R,,complete,100%
1204-20-ST-DWG-1171,02,"STRUCTURE ""M"" FOR R-2001 / STEEL STRUCTURE (PLAN &DETS.)",,DE,IFC,,ST,PS-OT-T-0743,19-1-5,,,No,485,1204-Owner-v,19-1-12,,CDW,19-1-8,,,,19-1-8,,,,complete,100%
1204-00-QC-SOI-522,00,SCOPE OF INSPECTION FOR MV ELECTRICAL MOTORS FOR PRIMERY REFORMER,,DE,IFI,,QC,PS-OT-T-9999,15-6-14,,,No,32633,,,,SCOPE,20-5-15,,,,,,,,complete,100%
1204-90-ST-DWG-944,03,SUBSTATION / SLABS (G.A. & DETAILS),,DE,IFC,,ST,PS-OT-T-0014,15-4-4,,,No,1857,1204-Owner-v,15-4-5,,CDW,15-4-4,,,,15-4-4,,,,complete,100%
1204-90-ST-DWG-970,01,"ADMINISTRATION , RESTAURANT & CLINIC BLDG. / G.A FOR SECOND FLOOR PLAN",,DE,IFC,,ST,TM-OT-9001-T-0116,12-6-19,,,No,2876,1204-Owner-v,15-9-16,,CDW,12-6-19,,,,12-6-19,,,,complete,100%
1204-00-QC-SOI-525,00,SCOPE OF INSPECTION FOR SOCKET OUTLET AND PLUGS,,DE,IFI,,QC,PS-OT-T-9999,15-6-14,,,No,32633,,,,SCOPE,20-5-15,,,,,,,,complete,100%
1204-90-ST-DWG-994,00,"ADMINISTRATION , RESTAURANT & CLINIC BUILDING / PLUMBING (RISER DIAGRAM)",,DE,IFR,,ST,TM-OT-9001-T-0227,13-1-10,,,No,2671,1204-TKT-COLANGELI,13-1-8,,CDW,20-4-30,,,20-4-30,13-1-10,,,,InProgress,80%
1204-10-ST-DWG-1231,01,"STRUCTURE ""H"" FOR E-1011 / FDN. & STRUCTURE (PLAN , SECTIONS & DETS.)",,DE,IFC,,ST,PS-OT-T-0820,19-7-29,,,No,280,1204-Owner-v,19-7-30,,CDW,19-8-1,,,,19-8-1,,,,complete,100%
1204-10-ST-DWG-1234,02,"STRUCTURE ""L"" FOR E-1008 / FDN. & STRUCTURE (PLAN , SECTIONS & DETS.)",,DE,IFC,,ST,PS-OT-T-0819,19-7-22,,,No,287,1204-Owner-v,19-7-24,,CDW,19-7-30,,,,19-7-30,,,,complete,100%
1204-01-EL-DWG-020,00,EARTHING LAYOUT - AREA 01,,DE,IFR,,EL,TM-OT-9001-T-0328,13-10-11,,,No,2397,1204-TKT-COLANGELI,13-10-11,,CDW,20-6-10,,,20-6-10,13-10-11,,,,InProgress,80%
1204-04-EL-DWG-020,01,EARTHING LAYOUT - AREA 04,,DE,IFR,,EL,PS-OT-T-0296,16-6-25,16-7-21,,Yes,12,1204-Owner-v,16-6-26,,CDW,20-7-20,,,20-7-20,,16-6-29,MT-PS-9301-CS-168,,InProgress,80%
1204-90-EL-SLD-035,01,SUBSTATION EMERGENCY LIGHTING PANEL ONE LINE DIAGRAM,,DE,IFC,,EL,TM-OT-9001-T-0349,14-1-23,15-3-3,,Yes,390,1204-TKT-COLANGELI,14-1-23,,CDW,14-1-23,,,,14-1-23,,,,complete,100%
1204-90-EL-SLD-037,01,CONTROL ROOM EMERGENCY LIGHTING PANEL ONE LINE DIAGRAM,,DE,IFC,,EL,TM-OT-9001-T-0349,14-1-23,15-3-3,,Yes,390,1204-TKT-COLANGELI,14-1-23,,CDW,14-1-23,,,,14-1-23,,,,complete,100%
1204-00-IN-DSH-612,01,DATA SHEET FOR ORIFICE PLATE & FLANGES,,DE,IFR,,IN,PS-OT-T-0174,16-1-5,,,No,1581,1204-Owner-v,16-1-6,,DSH,20-8-10,,,20-8-10,,16-1-18,MT-PS-9301-CS-089,,InProgress,80%
1204-00-PI-LST-1200,00,A/G ISOMETRIC LIST OF AREA-12,,DE,IFR,,PI,PS-OT-T-0175,16-1-6,,,No,1580,1204-Owner-v,16-1-7,,CDW,20-5-25,,,20-5-25,16-1-16,,,,InProgress,80%
1204-20-PI-LST-2600,01,A/G ISOMETRIC LIST OF AREA-26,,DE,IFC-WH,,PI,PS-OT-T-0671,18-8-25,,,No,618,1204-Owner-v,18-8-28,,CDW,20-6-11,,,20-6-11,,,,,InProgress,90%
1204-00-PR-EQL-001,00,EQUIPMENT LIST FOR PROCESS UNIT,,DE,IFR,,PR,PS-OT-T-0138,15-11-28,,,No,1619,1204-Owner-v,15-11-29,,LIST,20-3-31,,,20-5-6,15-12-1,15-12-5,MT-PS-9301-CS-051,,InProgress,90%
1204-30-IN-DWG-023,00,INSTRUMENT FIELD & CABLE LAYOUT (AREA 23),,DE,IFR,,IN,PS-OT-T-0140,15-12-5,,,No,1612,1204-Owner-v,15-12-6,,CDW,20-6-22,,,20-6-22,15-12-15,16-1-12,MT-PS-9301-CS-086,,InProgress,80%
1204-10-HM-REQ-251A,00,REQUSITION FOR PRIMARY REFORMER PACKAGE,,DE,IFI,,MD,PS-OT-T-0199,16-2-15,,,No,1540,1204-Owner-v,16-2-20,,REQ,20-5-15,,,,,,,,complete,100%
1204-00-EL-SLD-024,01,SINGLE LINE DIAGRAM FOR LV VSD PANEL  MS-VSD-02,,DE,IFR,,EL,PS-OT-T-0735,18-12-22,19-1-22,,Yes,17,1204-Owner-v,18-12-23,,CDW,20-9-30,,,20-9-30,,,,,InProgress,80%
1204-00-ST-DWG-1120,01,DV-6101 /FDN. (G.A. & DETAILS),,DE,IFC,,ST,PS-OT-T-0562,18-2-21,,,No,803,1204-Owner-v,18-2-27,,CDW,18-2-21,,,,18-2-21,18-2-27,MT-PS-9609-CS-038,,complete,100%
1204-00-ST-MTO-1122,00,MATERIAL TAKE OFF FOR DV-6101,,DE,IFE,,ST,PS-OT-T-0594,18-4-25,,,No,740,1204-Owner-v,18-4-28,,LIST,18-5-17,,,,18-5-17,18-5-9,MT-PS-9609-CS-064,,complete,100%
1204-10-QC-SOI-202G,00,SCOPE OF INSPECTION FOR STEEL STRUCTURE OF WASTE HEAT BOILER,,DE,IFI,,QC,PS-OT-T-9999,15-6-14,,,No,32633,,,,SCOPE,20-5-15,,,,,,,,complete,100%
1204-00-ST-DWG-1117,02,RETAINING WALL (WEST) / R.C. DETAILS,,DE,IFC,,ST,PS-OT-T-0764,19-3-12,,,No,419,1204-Owner-v,19-3-13,,CDW,19-3-16,,,,19-3-16,,,,complete,100%
1204-00-HM-REQ-256A,01,REQUISITION FOR COOLING WATER SIDE STREAM FILTERS,,DE,IFI,,MD,PS-OT-T-0315,16-8-3,,,No,1370,1204-Owner-v,16-8-3,,REQ,16-8-3,,,,16-8-3,,,,InProgress,90%
1204-20-PV-DSH-226,00,MECHANICAL DATA SHEET FOR CONVERTER STEAM DRUM (D-2003),,DE,IFR,,MD,TM-OT-9001-T-0197,12-10-30,,,No,2743,1204-Owner-v,15-9-16,,DSH,12-10-30,,,,12-10-30,,,,complete,100%
1204-64-RE-DSH-052,00,DATA SHEET FOR CAUSTIC TRANSFER PUMPS (P-6404 A/B),,DE,IFR,,MC,TM-OT-9001-T-0226,13-1-9,,,No,2672,1204-TKT-COLANGELI,13-1-7,,DSH,13-1-9,,,,13-1-9,,,,InProgress,80%
1204-90-HV-DSH-201,02,DATA SHEET FOR MOTORIZED BLOCK DAMPER FOR CONTROL BUILDING,,DE,IFE,,HV,PS-OT-T-0006,15-3-9,,,No,1883,1204-Owner-v,15-3-17,,DSH,15-3-9,,,,15-3-9,,,,complete,100%
1204-63-PR-DSH-140,00,Process Instrument Data Sheet for Temperature Transmitters,,BE,IFR,,PR,TM-OT-9001-T-0136,12-7-24,,,No,2841,1204-Owner-v,15-9-16,,DSH,19-10-1,,,20-12-30,12-7-24,,,,InProgress,80%
1204-64-PR-DIG-001,00,CAUSE AND EFFECT DIAGRAM FOR WATER POLISHING SYSTEM SYSTEM,,BE,IFR,,PR,TM-OT-9001-T-0310,13-8-6,,,No,2463,1204-TKT-COLANGELI,13-8-6,,LIST,20-4-1,,,20-5-6,13-8-6,,,,InProgress,90%
1204-72-PR-LST-002,00,LINE LIST FOR CRUDE METHANOL STORAGE TANK,,BE,IFR,,PR,TM-OT-9001-T-0297,13-7-3,,,No,2497,1204-TKT-COLANGELI,13-7-2,,LIST,20-4-1,,,20-5-6,13-7-3,,,,InProgress,90%
1204-72-PR-PID-721,02,PIPING & INSTRUMENTATION DIAGRAM FOR CRUDE METHANOL STORAGE TANK SYSTEM,,BE/DE,IFE,,PR,TM-OT-9001-T-0310,13-8-6,,,No,2463,1204-TKT-COLANGELI,13-8-6,,EDW,13-8-6,,,,13-8-6,,,,complete,100%
1204-30-ST-DWG-301,01,"STRUCTURE ""B"" FOR D-3003 & E-3003A/B / FDN. (G.A. & R.C.)",,DE,IFC,,ST,PS-OT-T-0279,16-6-12,,,No,1422,1204-Owner-v,16-6-13,,CDW,16-6-12,,,,16-6-12,,,,complete,100%
1204-90-ST-DWG-989,02,"ADMINISTRATION , RESTAURANT & CLINIC BUILDING / CONCRETE STAIR (G.A. , R.C. & DETAILS)",,DE,IFC,,ST,TM-OT-9001-T-0341,13-12-18,,,No,2329,1204-TKT-COLANGELI,13-12-16,,CDW,13-12-18,,,,13-12-18,,,,complete,100%
1204-90-ST-DWG-936,02,SUBSTATION / ELEVATIONS,,DE,IFC-WH,,ST,TM-OT-9001-T-0368,14-5-20,,,No,2176,1204-TKT-COLANGELI,14-5-20,,CDW,14-5-20,,,,14-5-20,,,,complete,100%
1204-00-PR-UDD-017,02,UTILITY DISTRIBUTION DIAGRAM FOR METHANOL DRAIN RECOVERY SYSTEM,,DE,IFR,,PR,PS-OT-T-0416,17-2-11,,,No,1178,1204-Owner-v,17-2-19,,EDW,20-5-1,,,20-5-1,17-2-23,,,,InProgress,80%
1204-30-PV-DSH-221,00,Mechanical data sheet for first Condensate Separator (D-3006),,DE,IFR,,MD,TM-OT-9001-T-0114,12-6-13,,,No,2882,1204-Owner-v,15-9-16,,DSH,12-6-13,,,,12-6-13,,,,complete,100%
1204-00-EL-REQ-520,01,REQUISITION FOR EXPLOSION PROOF LIGHTING FIXTURES,,DE,IFI,,EL,PS-OT-T-0892,20-2-16,,,No,78,1204-Owner-v,20-2-26,,REQ,20-1-7,,,20-1-20,,,,,InProgress,90%
1204-20-IN-DWG-027,00,INSTRUMENT FIELD & CABLE LAYOUT (AREA 27),,DE,IFR,,IN,PS-OT-T-0140,15-12-5,,,No,1612,1204-Owner-v,15-12-6,,CDW,20-6-22,,,20-6-22,15-12-15,16-1-12,MT-PS-9301-CS-086,,InProgress,80%
1204-40-PV-DSH-223,01,MECHANICAL DATA SHEET FOR BLOWDOWN DRUM (D-4002),,DE,IFE,,MD,TM-OT-9001-T-0214,12-12-11,,,No,2701,1204-TKT-COLANGELI,12-12-11,,DSH,12-12-11,,,,12-12-11,,,,complete,100%
1204-00-EL-REQ-514,01,REQUISITION FOR CCTV SYSTEM,,DE,IFI,,EL,PS-OT-T-0889,20-2-12,,,No,82,1204-Owner-v,20-2-16,,REQ,20-6-9,,,20-6-22,,20-3-7,MT-PS-9609-CS-0304,,InProgress,90%
1204-00-IN-DWG-010,00,INSTRUMENT FIELD & CABLE LAYOUT (AREA 10),,DE,IFR,,IN,PS-OT-T-0167,15-12-30,,,No,1587,1204-Owner-v,16-1-2,,CDW,20-6-18,,,20-6-18,16-1-6,16-1-10,MT-PS-9301-CS-082,,InProgress,80%
1204-64-RE-DSH-049,00,DATA SHEET FOR CONDENSATE TRANSFER PUMPS (P-6401 A/B),,DE,IFR,,MC,PS-OT-T-0386,16-12-20,,,No,1231,1204-Owner-v,16-12-24,,DSH,16-12-25,,,,16-12-25,17-3-3,MT-PS-9301-CS-221,,InProgress,80%
1204-90-HV-DSH-005,03,DATA SHEET FOR CENTRIFUGAL EXHAUST FAN FOR HVAC ROOM IN CONTROL BUILDING,,DE,IFE,,HV,PS-OT-T-0006,15-3-9,,,No,1883,1204-Owner-v,15-3-17,,DSH,15-3-9,,,,15-3-9,,,,complete,100%
1204-90-HV-DSH-010,01,DATA SHEET FOR PACKAGE AIR HANDLING UNIT FOR LABORATORY,,DE,IFE,,HV,PS-OT-T-0009,15-3-14,,,No,1878,1204-TKT-COLANGELI,15-3-4,,DSH,15-3-14,,,,15-3-14,,,,complete,100%
1204-90-HV-DSH-060,01,DATA SHEET FOR PACKAGE AIR HANDLING UNIT FOR CLINIC,,DE,IFE,,HV,TM-OT-9001-T-0452,15-3-6,,,No,1886,1204-TKT-COLANGELI,15-3-4,,DSH,15-3-6,,,,15-3-6,,,,complete,100%
1204-90-HV-DSH-095,01,DATA SHEET FOR ROOF TYPE EXHAUST FAN FOR FF TOILET IN WAREHOUSE,,DE,IFE,,HV,TM-OT-9001-T-0443,15-2-24,,,No,1896,1204-TKT-COLANGELI,15-2-24,,DSH,15-2-24,,,,15-2-24,,,,complete,100%
1204-71-HS-PID-001,01,PIPING AND INSTRUMENTATION DIAGRAM FOR SPRAY NOZZLE SYSTEM FOR TK-7101 A/B,,DE,IFR,,HSE,PS-OT-T-0012,15-3-17,,,No,1875,1204-Owner-v,15-3-25,,EDW,19-10-1,,,20-7-30,,,,,InProgress,80%
1204-00-ST-DWG-071,01,PIPE RACK ZONE 11 / FDN. (G.A. & R.C.),,DE,IFC,,ST,PS-OT-T-0316,16-8-3,,,No,1370,1204-Owner-v,16-8-3,,CDW,16-8-3,,,,16-8-3,,,,complete,100%
1204-30-ST-DWG-342,01,"STRUCTURE  ""F"" FOR D-3004,D-3005,E-3003C/D,E-3005,E-3009 / STEEL STRUCTURE (PLAN & DETS.)",,DE,IFC,,ST,PS-OT-T-0394,17-1-1,,,No,1219,1204-Owner-v,17-1-2,,CDW,17-1-1,,,,17-1-1,,,,complete,100%
1204-00-PR-PID-009,01,PIPING & INSTRUMENTATION DIAGRAM FOR NUMBERING PROCEDURE I,,DE,IFR,,PR,PS-OT-T-365,16-11-13,,,No,1268,1204-Owner-v,16-11-16,,EDW,20-8-1,,,20-10-20,17-4-16,17-5-20,MT-PS-9301-CS-201-R,,InProgress,80%
1204-20-PR-PID-202,02,PIPING & INSTRUMENTATION DIAGRAM UNIT 200-SYNGAS COMPRESSOR TURBINE & HP STEAM STATION LET DOWN,,DE,IFC-WH,,PR,PS-OT-T-0659,18-8-5,,,No,638,1204-Owner-v,18-8-8,,EDW,20-6-15,,,20-6-15,18-8-9,,,,InProgress,90%
1204-22-PR-DSH-135,00,Process Instrument Data Sheet for Orifice Plate and Flanges,,BE,IFR,,PR,TM-OT-9001-T-0134,12-7-13,,,No,2852,1204-Owner-v,15-9-16,,DSH,19-10-1,,,20-11-20,12-7-13,,,,InProgress,80%
1204-22-PR-DSH-137,00,Process Instrument Data Sheet for Level Transmitters,,BE,IFR,,PR,TM-OT-9001-T-0134,12-7-13,,,No,2852,1204-Owner-v,15-9-16,,DSH,19-10-1,,,20-11-20,12-7-13,,,,InProgress,80%
1204-62-PR-DSH-137,00,Process Instrument Data Sheet for Pressure Transmitters,,BE,IFR,,PR,TM-OT-9001-T-0136,12-7-24,,,No,2841,1204-Owner-v,15-9-16,,DSH,19-10-1,,,20-12-20,12-7-24,,,,InProgress,80%
1204-63-PR-DSH-137,00,PROCESS INSTRUMENT DATA SHEET FOR PRESSURE GAUGES,,BE,IFR,,PR,TM-OT-9001-T-0136,12-7-24,,,No,2841,1204-Owner-v,15-9-16,,DSH,19-10-1,,,20-12-30,12-7-24,,,,InProgress,80%
1204-64-PR-DSH-133,00,Process Instrument Data Sheet for Level Transmitters,,BE,IFR,,PR,TM-OT-9001-T-0136,12-7-24,,,No,2841,1204-Owner-v,15-9-16,,DSH,19-10-1,,,20-10-20,12-7-24,,,,InProgress,80%
1204-00-ST-DWG-086,01,PIPE RACK STAIRS (ZONE 6 TO 9) / STRUCTURE  (G.A. & SECTIONS I ),,DE,IFC,,ST,PS-OT-T-0254,16-5-2,,,No,1463,1204-Owner-v,16-5-3,,CDW,16-5-2,,,,16-5-2,,,,complete,100%
1204-90-ST-DWG-973,03,"ADMINISTRATION , RESTAURANT, CLINIC & GUARD HOUSE BUILDING / FURNITURE PLAN FOR SECOND FLOOR PLAN",,DE,IFR,,ST,PS-OT-T-0863,20-1-2,,,No,123,1204-Owner-v,20-1-14,,CDW,20-3-30,,,20-3-30,,20-2-8,MT-PS-9609-CS-0266,,InProgress,80%
1204-90-ST-DWG-975,00,"ADMINISTRATION , RESTAURANT & CLINIC BLDG / NORTH & SOUTH ELEVATION & DETAILS",,DE,IFR,,ST,TM-OT-9001-T-0116,12-6-19,,,No,2876,1204-Owner-v,15-9-16,,CDW,20-3-30,,,20-3-30,12-6-19,,,,InProgress,80%
1204-00-HV-SDG-785,01,HVAC GENERAL NOTES AND SYMBOLS,,DE,IFC,,HV,TM-OT-9001-T-0422,14-12-11,,,No,1971,1204-TKT-COLANGELI,14-12-10,,SPEC,14-12-11,,,,14-12-11,,,,complete,100%
1204-00-QC-SOI-204C,00,SCOPE OF INSPECTION FOR High Pressure Vessels C (Stailess Steel),,DE,IFR,,QC,PS-OT-T-9999,15-12-30,,,No,32633,,,,SCOPE,20-5-15,,,,,,,,InProgress,50%
1204-90-ST-DWG-1035,01,"WAREHOUSE / LINTEL , FINISHING & FALSE CEILING PLAN",,DE,IFC,,ST,TM-OT-9001-T-0227,13-1-10,,,No,2671,1204-TKT-COLANGELI,13-1-8,,CDW,13-1-10,,,,13-1-10,,,,complete,100%
1204-00-PI-REQ-418,00,REQUISITION for FITTING FOR FLARE AND UTILITY LINE(OSBL),,DE,IFI,,PI,PS-OT-T-0943,20-4-5,,,No,29,1204-Owner-v,20-4-7,,REQ,20-5-15,,,,,,,,InProgress,90%
1204-00-IN-REQ-608,00,REQUISITION FOR ANNUBAR FLOW ELEMENT,,DE,IFI,,IN,PS-OT-T-0392,16-12-27,,,No,1224,1204-Owner-v,17-1-11,,REQ,20-6-9,,,20-6-22,,17-1-31,MT-PS-9301-CS-206-R,,InProgress,90%
1204-00-PI-MTO-464A,03,MATERIAL TAKE OFF FOR U/G VALVES (MTO I),,DE,IFE,,PI,PS-OT-T-0348,16-10-8,,,No,1304,1204-Owner-v,16-10-9,,LIST,16-10-19,,,,16-10-19,,,,complete,100%
1204-00-PI-REQ-415A,00,REQUISITION FOR SAMPLE COOLER(MTO I),,DE,IFI,,PI,PS-OT-T-0936,20-3-14,,,No,51,1204-Owner-v,20-3-15,,REQ,20-5-28,,,20-6-3,,20-3-17,MT-PS-9609-CS-0315,,InProgress,90%
1204-63-PR-DIG-001,00,CAUSE AND EFFECT DIAGRAM FOR COOLING WATER SYSTEM,,BE,IFR,,PR,TM-OT-9001-T-0310,13-8-6,,,No,2463,1204-TKT-COLANGELI,13-8-6,,LIST,20-3-30,,,20-5-6,13-8-6,,,,InProgress,90%
1204-63-PR-PID-632,01,PIPING AND INSTRUMENTATION DIAGRAM FOR COOLING WATER SYSTEM INJECTION PACKAGES 1 OF 2,,DE,IFR,,PR,PS-OT-T-0417,17-2-11,,,No,1178,1204-Owner-v,17-2-19,,EDW,20-5-1,,20-5-30,20-6-30,,17-2-25,MT-PS-9301-CS-215,,InProgress,80%
1204-63-PR-PID-633,01,PIPING AND INSTRUMENTATION DIAGRAM FOR COOLING WATER SYSTEM INJECTION PACKAGES 2 OF 2,,DE,IFR,,PR,PS-OT-T-0417,17-2-11,,,No,1178,1204-Owner-v,17-2-19,,EDW,20-5-1,,20-5-30,20-6-30,17-2-23,17-2-25,MT-PS-9301-CS-215,,InProgress,80%
1204-30-RE-DSH-044,01,DATA SHEET FOR WASTE METHANOL PUMP (P-3007),,DE,IFR,,MC,PS-OT-T-0387,16-12-20,,,No,1231,1204-Owner-v,16-12-24,,DSH,16-12-25,,,,16-12-25,17-5-3,MT-PS-9301-CS-225-R,,InProgress,80%
1204-90-HV-DSH-063,01,DATA SHEET FOR CENTRIFUGAL EXHAUST FAN FOR TEA ROOM IN CLINIC AND TRAINING,,DE,IFE,,HV,TM-OT-9001-T-0452,15-3-6,,,No,1886,1204-TKT-COLANGELI,15-3-4,,DSH,15-3-6,,,,15-3-6,,,,complete,100%
1204-90-HV-DSH-103,02,DATA SHEET FOR BLAST PROTECTION VALVE FOR PRD IN CONTROL ROOM IN CONTROL BUILDING,,DE,IFE,,HV,TM-OT-9001-T-0383,14-7-7,,,No,2128,1204-TKT-COLANGELI,14-7-7,,DSH,14-7-7,,,,14-7-7,14-11-22,MT-TM-9301-CS-014,,complete,100%
1204-90-HV-DSH-251,01,DATA SHEET FOR MOTORIZED BLOCK DAMPER FOR RESTAURANT,,DE,IFE,,HV,TM-OT-9001-T-0443,15-2-24,,,No,1896,1204-TKT-COLANGELI,15-2-24,,DSH,15-2-24,,,,15-2-24,,,,complete,100%
1204-90-HV-DWG-013,02,LABORATORY - DUCT SUPPORTING AND OPENING LOCATION,,DE,IFC,,HV,PS-OT-T-0007,15-3-11,,,No,1881,1204-Owner-v,15-3-17,,CDW,15-3-11,,,,15-3-11,,,,complete,100%
1204-90-HV-DSH-108,02,DATA SHEET FOR BLAST PROTECTION VALVE FOR LOUVER IN HVAC ROOM IN CONTROL BUILDING,,DE,IFE,,HV,TM-OT-9001-T-0383,14-7-7,,,No,2128,1204-TKT-COLANGELI,14-7-7,,DSH,14-7-7,,,,14-7-7,14-11-22,MT-TM-9301-CS-014,,complete,100%
1204-71-RE-DSH-057,02,DATA SHEET FOR DAILY METHANOL TRANSFER PUMPS (P-7101 A/B),,DE,IFR,,MC,PS-OT-T-0870,20-1-13,,,No,112,1204-Owner-v,20-1-19,,DSH,20-1-13,,,,,,,,InProgress,80%
1204-00-EL-SLD-021,00,SINGLE LINE DIAGRAM FOR 230V AC UPS,,DE,IFR,,EL,TM-OT-9001-T-0269,13-5-6,15-3-3,,Yes,652,1204-Owner-v,15-9-16,,CDW,20-9-30,,,20-9-30,13-5-6,,,,InProgress,80%
1204-90-HS-DWG-005,02,"FIRE AND GAS ALARM LAYOUT FOR ADMINISTRATION, RESTAURANT, CLINIC AND GUARDHOUSE BUILDING",,DE,IFE,,HSE,PS-OT-T-0714,18-11-4,,,No,547,1204-Owner-v,18-11-11,,EDW,18-11-14,,,,18-11-14,,,,complete,100%
1204-90-HS-DWG-012,01,SAFETY EQUIPMENT LAYOUT FOR GUARD HOUSE,,DE,IFC,,HSE,PS-OT-T-0102,15-9-13,,,No,1695,1204-Owner-v,15-9-14,,EDW,15-9-13,,,,15-9-13,15-10-31,MT-PS-9301-CS-036,,complete,100%
1204-63-PI-ISO-1700,00,A/G ISOMETRIC DRAWING OF AREA-17,,DE,IFR,,PI,PS-OT-T-0165,15-12-30,,,No,1587,1204-Owner-v,16-1-2,,CDW,19-12-20,,,20-6-4,16-1-6,16-5-7,MT-PS-9301-CS-142,,InProgress,80%
1204-71-PI-ISO-7400,03,U/G ISOMETRIC DRAWING OF AREA-74,,DE,IFC-WH,,PI,PS-OT-T-0598,18-4-25,,,No,740,1204-Owner-v,18-4-30,,CDW,20-6-30,,,20-6-30,18-5-3,,,,InProgress,90%
1204-10-PI-UPL-7100,02,UNDER GROUND PIPING PLAN AREA-71,,DE,IFC-WH,,PI,PS-OT-T-0618,18-5-23,,,No,712,1204-Owner-v,18-6-3,,CDW,18-6-2,,,,18-6-2,18-5-23,MT-PS-9609-CS-076,,InProgress,90%
1204-30-PR-PID-310,01,PIPING & INSTRUMENTATION DIAGRAM UNIT 300-TMA REMOVAL SYSTEM,,DE,IFC-WH,,PR,PS-OT-T-0641,18-7-7,,,No,667,1204-Owner-v,18-7-10,,EDW,20-6-15,,,20-6-15,,18-7-10,MT-PS-9609-CS-096,,InProgress,90%
1204-10-PV-DSH-203,00,MECHANICAL DATA SHEET FOR PRE-REFORMER REACTOR (R-1003),,DE,IFR,,MD,PS-OT-T-0124,15-11-2,,,No,1645,1204-Owner-v,15-11-2,,DSH,15-11-4,,,,15-11-4,15-11-14,MT-PS-9301-CS-041,,InProgress,80%
1204-10-RE-DSH-058,00,DATA SHEET FOR PROCESS CONDENSATE PUMPS P-1001 A/B,,DE,IFR,,MC,PS-OT-T-0386,16-12-20,,,No,1231,1204-Owner-v,16-12-24,,DSH,16-12-25,,,,16-12-25,17-3-3,MT-PS-9301-CS-221,,InProgress,80%
1204-00-IN-DWG-034,00,INSTRUMENT FIELD & CABLE LAYOUT (AREA 34),,DE,IFR,,IN,PS-OT-T-357,16-11-2,,,No,1279,1204-Owner-v,16-11-9,,CDW,20-6-24,,,20-6-24,,17-1-11,MT-PS-9301-CS-195-R,,InProgress,80%
1204-63-IN-DWG-021,00,INSTRUMENT FIELD & CABLE LAYOUT (AREA 21),,DE,IFR,,IN,PS-OT-T-0275,16-6-5,,,No,1429,1204-Owner-v,16-6-5,,CDW,20-6-19,,,20-6-19,,16-8-15,MT-PS-9301-CS-163-R,,InProgress,80%
1204-00-QC-SOI-516,00,SCOPE OF INSPECTION FOR RADIO SYSTEM,,DE,IFI,,QC,PS-OT-T-9999,15-6-14,,,No,32633,,,,SCOPE,20-5-15,,,,,,,,complete,100%
1204-00-RE-REQ-307A,02,REQUISITION FOR CENTRIFUGAL PUMPS (GROUP A),,DE,IFP,,MC,PS-OT-T-0495,17-10-4,,,No,943,1204-Owner-v,17-10-4,,REQ,17-10-9,,,,17-10-9,,,,complete,100%
1204-00-EL-REQ-531,00,REQUISITION FOR CABLE TRAYS AND LADDERS,,DE,IFI,,EL,PS-OT-T-0732,18-12-22,,,No,499,1204-Owner-v,18-12-23,,REQ,19-12-20,,,19-12-26,,,,,InProgress,90%
1204-30-HM-DSH-239,00,MECHANICAL DATA SHEET FOR CONDENSER/REBOILER (E-3003A/B/C/D),,DE,IFR,,MD,TM-OT-9001-T-0333,13-11-6,,,No,2371,1204-TKT-COLANGELI,13-11-6,,DSH,13-11-6,,,,13-11-6,,,,complete,100%
1204-90-HV-DSH-050,01,DATA SHEET FOR PACKAGE AIR HANDLING UNIT FOR RESTAURANT,,DE,IFE,,HV,TM-OT-9001-T-0450,15-3-6,,,No,1886,1204-TKT-COLANGELI,15-3-4,,DSH,15-3-6,,,,15-3-6,,,,complete,100%
1204-90-HV-DSH-052,01,DATA SHEET FOR FRESH AIR FAN & FILTER UNIT FOR RESTAURANT,,DE,IFE,,HV,TM-OT-9001-T-0450,15-3-6,,,No,1886,1204-TKT-COLANGELI,15-3-4,,DSH,15-3-6,,,,15-3-6,,,,complete,100%
1204-90-HV-DSH-200,02,DATA SHEET FOR MOTORIZED FIRE DAMPER FOR CONTROL BUILDING,,DE,IFE,,HV,PS-OT-T-0006,15-3-9,,,No,1883,1204-Owner-v,15-3-17,,DSH,15-3-9,,,,15-3-9,,,,complete,100%
1204-64-IN-DWG-020,00,INSTRUMENT FIELD & CABLE LAYOUT (AREA 20),,DE,IFR,,IN,PS-OT-T-0147,15-12-9,,,No,1608,1204-Owner-v,15-12-9,,CDW,20-6-19,,,20-6-19,15-12-15,16-2-9,MT-PS-9301-CS-104,,InProgress,80%
1204-00-ST-MTO-1146,00,MATERIAL TAKE OFF FOR VB-6303,,DE,IFE,,ST,PS-OT-T-0594,18-4-25,,,No,740,1204-Owner-v,18-4-28,,LIST,18-5-17,,,,18-5-17,18-5-9,MT-PS-9609-CS-064,,complete,100%
1204-00-QC-SOI-466A,00,SCOPE OF INSPECTION FOR U/G POLYPROPYLENE ITEMS(MTO I),,DE,IFI,,QC,PS-OT-T-9999,15-6-14,,,No,32633,,,,SCOPE,20-5-15,,,,,,,,complete,100%
1204-10-QC-SOI-251R,00,SUPPLY OF REFRACTORIES FOR PRIMARY REFORMER PACKAGE (INCLUDING ANCHORS AND DESIGN/LAYOUT DRAWINGS),,DE,IFI,,QC,PS-OT-T-9999,15-6-14,,,No,32633,,,,SCOPE,20-5-15,,,,,,,,complete,100%
1204-00-PI-MTO-417,01,MATERIAL TAKE OFF FOR PIPE FOR FLARE AND UTILITY LINE(OSBL),,DE,IFE,,PI,PS-OT-T-0953,20-4-21,,,No,13,1204-Owner-v,20-4-22,,MTO,20-4-21,,,,,,,,complete,100%
1204-00-PI-MTO-419,00,MATERIAL TAKE OFF FOR FLANGE FOR FLARE AND UTILITY LINE(OSBL),,DE,IFE,,PI,PS-OT-T-0944,20-4-5,,,No,29,1204-Owner-v,20-4-7,,MTO,20-5-15,,,,,,,,complete,100%
1204-00-RE-TBA-307A,01,TECHNICAL BID ANALYSIS FOR CENTRIFUGAL PUMPS (GROUP A),,DE,IFE,,MC,PS-OT-T-0787,19-5-7,,,No,363,1204-Owner-v,19-5-7,,TBA,19-5-7,,,,19-5-7,,,,complete,100%
1204-71-ST-DWG-750,02,TK-7101 A&B / FDN. (G.A. & R.C.),,DE,IFC,,ST,TM-OT-9001-T-0364,14-5-6,,,No,2190,1204-TKT-COLANGELI,14-5-6,,CDW,14-5-6,,,,14-5-6,,,,complete,100%
1204-30-HM-DSH-242,00,MECHANICAL DATA SHEET FOR REFINING GAS HEATED REBOILER (E-3006),,DE,IFR,,MD,TM-OT-9001-T-0333,13-11-6,,,No,2371,1204-TKT-COLANGELI,13-11-6,,DSH,13-11-6,,,,13-11-6,,,,InProgress,80%
1204-90-HV-DSH-092,01,DATA SHEET FOR WALL TYPE EXHAUST FAN FOR LCR. AND JTR. IN WAREHOUSE,,DE,IFE,,HV,TM-OT-9001-T-0443,15-2-24,,,No,1896,1204-TKT-COLANGELI,15-2-24,,DSH,15-2-24,,,,15-2-24,,,,complete,100%
1204-90-HV-DWG-081,01,WORKSHOP - HVAC SYSTEM LAYOUT,,DE,IFC,,HV,TM-OT-9001-T-0290,13-6-7,,,No,2523,1204-TKT-COLANGELI,13-6-4,,CDW,13-6-7,,,,13-6-7,,,,complete,100%
1204-90-HV-DSH-241,01,DATA SHEET FOR MOTORIZED BLOCK DAMPER FOR ADMINISTRATION,,DE,IFE,,HV,TM-OT-9001-T-0443,15-2-24,,,No,1896,1204-TKT-COLANGELI,15-2-24,,DSH,15-2-24,,,,15-2-24,,,,complete,100%
1204-00-ST-DWG-030,03,PIPE RACK ZONE 4 / CONCRETE STRUCTURE ( G.A. PLANS & DETAILS ),,DE,IFC,,ST,PS-OT-T-0110,15-10-7,,,No,1671,1204-Owner-v,15-10-8,,CDW,15-10-20,,,,15-10-20,15-10-20,MT-PS-9301-CS-027,,complete,100%
1204-00-HS-LST-005,01,EQUIPMENT LIST WITH HAZARDOUS CLASSIFICATION FOR PROCESS UNIT,,DE,IFR,,HSE,PS-OT-T-0100,15-9-13,,,No,1695,1204-Owner-v,15-9-14,,LIST,20-7-15,,,20-7-15,,,,,InProgress,90%
1204-40-PI-LST-6600,01,U/G ISOMETRIC LIST OF AREA-66,,DE,IFC-WH,,PI,PS-OT-T-0682,18-9-16,,,No,596,1204-Owner-v,18-9-18,,CDW,20-6-30,,,20-6-30,18-10-2,,,,InProgress,90%
1204-64-PI-ISO-6900,01,U/G ISOMETRIC DRAWING OF AREA-69,,DE,IFC-WH,,PI,PS-OT-T-0606,18-5-12,,,No,723,1204-Owner-v,18-5-13,,CDW,20-6-30,,,20-6-30,18-5-26,,,,InProgress,90%
1204-64-PI-LST-3100,00,A/G ISOMETRIC LIST OF AREA-31,,DE,IFR,,PI,PS-OT-T-0327,16-8-28,,,No,1345,1204-Owner-v,16-8-28,,CDW,19-12-13,,,20-5-28,16-9-3,,,,InProgress,80%
1204-00-PI-ISO-3500,00,A/G ISOMETRIC DRAWING OF AREA-35,,DE,IFR,,PI,PS-OT-T-0324,16-8-23,,,No,1350,1204-Owner-v,16-8-24,,CDW,20-6-11,,,20-6-11,16-8-29,,,,InProgress,80%
1204-00-PV-REQ-201A,01,REQUISITION FOR REACTORS,,DE,IFP,,MD,PS-OT-T-0255,16-5-7,,,No,1458,1204-Owner-v,16-5-9,,REQ,16-5-7,,,,16-5-7,,,,complete,100%
1204-00-QC-SOI-467A,00,SCOPE OF INSPECTION FOR U/G HDPE ITEMS(MTO I),,DE,IFI,,QC,PS-OT-T-9999,15-6-14,,,No,32633,,,,SCOPE,20-5-15,,,,,,,,complete,100%
1204-10-ST-DWG-162,01,"STRUCTURE FOR WHB, ATR, E-1003A/B & D-4001A/B /COMBINED FDN. (R.C. & DETAILS I)",,DE,IFC,,ST,PS-OT-T-0704,18-10-21,,,No,561,1204-Owner-v,18-10-24,,CDW,18-10-21,,,,18-10-21,,,,complete,100%
1204-00-ST-DWG-1157,01,ADDITIONAL CONCRETE WALLS  / G.A. & R.C. DETAILS,,DE,IFC,,ST,PS-OT-T-0816,19-7-15,,,No,294,1204-Owner-v,19-7-20,,CDW,19-7-20,,,,19-7-20,,,,complete,100%
1204-00-HS-DSH-010,01,DATA SHEET FOR DELUGE VALVES,,DE,IFR,,HSE,PS-OT-T-0847,19-12-22,,,No,134,1204-Owner-v,19-12-29,,DSH,19-10-12,,,20-10-10,,20-3-10,MT-PS-9301-CS-0309,,InProgress,80%
1204-82-HS-LST-001,02,LINE LIST FOR FIRE WATER NETWORK,,DE,IFC-WH,,HSE,PS-OT-T-377,16-12-12,,,No,1239,1204-Owner-v,16-12-24,,LIST,16-12-12,,,,16-12-12,17-1-30,MT-PS-9301-CS-209,,complete,100%
1204-83-HS-DSH-003,00,DATA SHEET FOR K.O. DRUM PUMPS (P-8301 A/B),,DE,IFR,,HSE,TM-OT-9001-T-0229,13-1-10,,,No,2671,1204-TKT-COLANGELI,13-1-9,,DSH,19-10-12,,,20-10-10,13-1-10,,,,InProgress,80%
1204-83-HS-LST-001,00,EQUIPMENT LIST FOR FLARE UNIT,,DE,IFR,,HSE,PS-OT-T-0016,15-4-8,,,No,1853,1204-Owner-v,15-4-11,,LIST,20-7-15,,,20-7-15,15-4-8,,,,InProgress,90%
1204-00-HV-ESS-783,01,ENGINEERING STANDARD SPECIFICATION FOR HVAC CONTROL SYSTEM,,DE,IFE,,HV,PS-OT-T-0559,18-2-19,,,No,805,1204-Owner-v,18-2-21,,SPEC,18-3-15,,,,18-3-15,18-5-1,MT-PS-9609-CS-039-1-R,,complete,100%
1204-00-IN-DSH-628,02,DATA SHEET FOR INSTRUMENT CABLES,,DE,IFE,,IN,PS-OT-T-0896,20-2-18,,,No,76,1204-Owner-v,20-2-18,,DSH,20-8-10,,,20-8-10,,20-4-14,MT-PS-9609-CS-0277-R,,complete,100%
1204-00-IN-REQ-614,00,REQUISITION FOR ROTAMETERS,,DE,IFI,,IN,PS-OT-T-0900,20-2-19,,,No,75,1204-Owner-v,20-2-19,,REQ,20-3-3,,,20-3-16,,20-3-3,MT-PS-9609-CS-0294,,InProgress,90%
1204-00-PI-ISO-3400,00,A/G ISOMETRIC DRAWING OF AREA-34,,DE,IFR,,PI,PS-OT-T-0287,16-6-13,,,No,1421,1204-Owner-v,16-6-14,,CDW,20-6-11,,,20-6-11,16-6-18,,,,InProgress,80%
1204-10-ST-DWG-116,01,E-1004 / FDN. (G.A. & R.C.),,DE,IFC,,ST,PS-OT-T-0811,19-6-25,,,No,314,1204-Owner-v,19-7-1,,CDW,19-6-25,,,,19-6-25,,,,complete,100%
1204-00-QC-SOI-204D,00,SCOPE OF INSPECTION FOR PRESSURE VESSELS (GROUP IV),,DE,IFI,,QC,PS-OT-T-9999,15-6-14,,,No,32633,,,,SCOPE,20-5-15,,,,,,,,complete,100%
1204-90-ST-DWG-1036,01,WAREHOUSE / MISCELLANEOUS DETAILS,,DE,IFC,,ST,TM-OT-9001-T-0227,13-1-10,,,No,2671,1204-TKT-COLANGELI,13-1-8,,CDW,13-1-10,,,,13-1-10,,,,complete,100%
1204-90-ST-DWG-948,01,"SUBSTATION / CONCRETE STAIR (G.A. , R.C. & DETAILS)",,DE,IFC,,ST,TM-OT-9001-T-0300,13-7-4,,,No,2496,1204-TKT-COLANGELI,13-7-3,,CDW,13-7-4,,,,13-7-4,,,,complete,100%
1204-90-ST-DWG-969,01,"ADMINISTRATION , RESTAURANT & CLINIC BLDG. / G.A FOR FIRST FLOOR PLAN",,DE,IFC,,ST,TM-OT-9001-T-0116,12-6-19,,,No,2876,1204-Owner-v,15-9-16,,CDW,12-6-19,,,,12-6-19,,,,complete,100%
1204-63-RE-DSH-034,02,DATA SHEET FOR STEAM TURBINE FOR COOLING WATER SUPPLY PUMPS (PT-6301 A/B),,DE,IFE,,MC,PS-OT-T-0314,16-7-31,,,No,1373,1204-Owner-v,16-8-3,,DSH,16-8-8,,,,16-8-8,,,,complete,100%
1204-00-EL-REQ-529,00,REQUISITION FOR EARTHING AND LIGHTNING MATERIAL,,DE,IFI,,EL,PS-OT-T-0669,18-8-20,,,No,623,1204-Owner-v,18-8-21,,REQ,19-12-24,,,19-12-30,18-8-25,18-8-26,MT-PS-9609-CS-111,,InProgress,90%
1204-72-ST-MTO-737,00,MATERIAL TAKE OFF FOR TK-7201,,DE,IFE,,ST,TM-OT-9001-T-0404,14-10-30,,,No,2013,1204-TKT-COLANGELI,14-10-30,,LIST,20-9-29,,,20-11-2,14-10-31,14-11-11,MT-TM-9301-CS-007,,complete,100%
1204-30-HM-DSH-241,00,MECHANICAL DATA SHEET FOR FUSEL OIL COOLER (E-3005),,DE,IFR,,MD,TM-OT-9001-T-0333,13-11-6,,,No,2371,1204-TKT-COLANGELI,13-11-6,,DSH,13-11-6,,,,13-11-6,,,,complete,100%
1204-90-EL-DWG-810,01,GUARD HOUSE LIGHTING AND SMALL POWER LAYOUT,,DE,IFC,,EL,TM-OT-9001-T-0349,14-1-23,15-8-12,,Yes,552,1204-TKT-COLANGELI,14-1-23,,CDW,14-1-23,,,,14-1-23,,,,complete,100%
1204-00-HS-DSH-019,00,DATA SHEET FOR FLAME DETECTOR,,DE,IFR,,HSE,TM-OT-9001-T-0412,14-11-24,,,No,1988,1204-TKT-COLANGELI,14-11-24,,DSH,19-10-12,,,20-10-10,14-11-24,,,,InProgress,80%
1204-00-HV-REQ-791,02,REQUISITION FOR EXPLOSION PROTECTION VALVES,,DE,IFP,,HV,TM-OT-9001-T-0386,14-7-15,,,No,2120,1204-TKT-COLANGELI,14-7-15,,REQ,14-7-15,,,,14-7-15,,,,complete,100%
1204-00-IN-DSH-614,00,DATA SHEET FOR ROTAMETERS,,DE,IFR,,IN,PS-OT-T-0901,20-2-19,,,No,75,1204-Owner-v,20-2-19,,DSH,20-8-10,,,20-8-10,,20-3-3,MT-PS-9609-CS-0293,,InProgress,80%
1204-00-PI-REQ-401B,00,REQUISITION FOR A/G PIPES & FITTINGS(MTO II),,DE,IFI,,PI,PS-OT-T-0946,20-4-11,,,No,23,1204-Owner-v,20-4-15,,REQ,20-3-18,,,20-3-24,,,,,InProgress,90%
1204-00-PI-REQ-402A,01,REQUISITION FOR A/G FLANGES(MTO I),,DE,IFP,,PI,PS-OT-T-0513,17-12-11,,,No,875,1204-Owner-v,17-12-16,,REQ,17-12-11,,,,17-12-11,18-1-8,MT-PS-9609-CS-004,,complete,100%
1204-20-PR-PID-204,02,PIPING & INSTRUMENTATION DIAGRAM UNIT 200-SYNTHESIS GAS CIRCULATOR TURBINE,,DE,IFC-WH,,PR,PS-OT-T-0659,18-8-5,,,No,638,1204-Owner-v,18-8-8,,EDW,20-6-15,,,20-6-15,18-8-9,,,,InProgress,90%
1204-30-PR-PID-302,02,PIPING & INSTRUMENTATION DIAGRAM UNIT 300-TOPPING OVERHEAD,,DE,IFC-WH,,PR,PS-OT-T-0641,18-7-7,,,No,667,1204-Owner-v,18-7-10,,EDW,20-6-15,,,20-6-15,,18-7-10,MT-PS-9609-CS-096,,InProgress,90%
1204-62-PR-DSH-139,00,PROCESS INSTRUMENT DATA SHEET FOR TEMPERATURE TRANSMITTERS,,BE,IFR,,PR,TM-OT-9001-T-0142,12-8-28,,,No,2806,1204-Owner-v,15-9-16,,DSH,19-10-1,,,20-12-20,12-8-28,,,,InProgress,80%
1204-90-ST-DWG-1084,01,"GUARD HOUSE / ROOF SLOPING, LINTEL & FINISHING PLAN",,DE,IFC,,ST,TM-OT-9001-T-0273,13-5-14,,,No,2547,1204-TKT-COLANGELI,13-5-14,,CDW,13-5-14,,,,13-5-14,,,,complete,100%
1204-00-EL-REQ-525,01,REQUISITION FOR SOCKET OUTLET AND PLUGS,,DE,IFI,,EL,PS-OT-T-0892,20-2-16,,,No,78,1204-Owner-v,20-2-26,,REQ,20-7-8,,,20-7-21,,,,,InProgress,90%
1204-64-RE-DSH-054,00,DATA SHEET FOR CAUSTIC UNLOADING PUMP (P-6406),,DE,IFR,,MC,TM-OT-9001-T-0226,13-1-9,,,No,2672,1204-TKT-COLANGELI,13-1-8,,DSH,13-1-9,,,,13-1-9,,,,InProgress,80%
1204-00-ST-DWG-065,01,PIPE RACK ZONE 10 / FDN. (G.A. & R.C.),,DE,IFC,,ST,PS-OT-T-0170,16-1-3,,,No,1583,1204-Owner-v,16-1-4,,CDW,16-1-3,,,,16-1-3,16-1-4,MT-PS-9301-CS-072,,complete,100%
1204-90-HS-DWG-011,01,SAFETY EQUIPMENT LAYOUT FOR FIRE STATION,,DE,IFC,,HSE,PS-OT-T-0102,15-9-13,,,No,1695,1204-Owner-v,15-9-14,,EDW,15-9-13,,,,15-9-13,15-10-31,MT-PS-9301-CS-036,,complete,100%
1204-00-ST-DWG-044,02,PIPE RACK ZONE 6 / CONCRETE STRUCTURE ( R.C. DETAILS II ),,DE,IFC,,ST,PS-OT-T-0126,15-11-4,,,No,1643,1204-Owner-v,15-11-5,,CDW,15-11-16,,,,15-11-16,15-11-8,MT-PS-9301-CS-040,,complete,100%
1204-90-HV-DSH-018,00,DATA SHEET FOR GAS CH. ROOM HOOD CENTRIFUGAL EXHAUST FAN FOR LABORATORY,,DE,IFE,,HV,TM-OT-9001-T-0316,13-9-11,,,No,2427,1204-TKT-COLANGELI,13-9-9,,DSH,13-9-11,,,,13-9-11,,,,InProgress,80%
1204-82-HS-BOD-001,00,BASIS OF DESIGN FOR FIRE WATER SYSTEM,,DE,IFR,,HSE,TM-OT-9001-T-0446,15-3-4,,,No,1888,1204-TKT-COLANGELI,15-3-4,,EDW,19-10-1,,,20-6-1,15-4-3,,,,InProgress,80%
1204-63-PI-LST-1800,00,A/G ISOMETRIC LIST OF AREA-18,,DE,IFR,,PI,PS-OT-T-0165,15-12-30,,,No,1587,1204-Owner-v,16-1-2,,CDW,20-6-4,,,20-6-4,16-1-6,16-5-7,MT-PS-9301-CS-142,,InProgress,80%
1204-71-PI-LST-3200,00,A/G ISOMETRIC LIST OF AREA-32,,DE,IFR,,PI,TM-OT-9001-T-0427,15-1-12,,,No,1939,1204-TKT-COLANGELI,15-1-9,,CDW,19-12-13,,,20-5-28,15-1-12,,,,InProgress,80%
1204-00-PR-UDD-020,02,UTILITY DISTRIBUTION DIAGRAM FOR POTABLE WATER SYSTEM,,DE,IFC-WH,,PR,PS-OT-T-0575,18-3-6,,,No,790,1204-Owner-v,18-4-7,,EDW,20-5-1,,,20-5-1,18-4-12,18-3-7,MT-PS-9609-CS-043,,InProgress,90%
1204-00-PI-LST-3700,00,A/G ISOMETRIC LIST OF AREA-37,,DE,IFR,,PI,PS-OT-T-0282,16-6-12,,,No,1422,1204-Owner-v,16-6-14,,CDW,20-6-11,,,20-6-11,16-6-18,16-6-20,MT-PS-9301-CS-162,,InProgress,80%
1204-10-PI-ISO-4700,00,A/G ISOMETRIC DRAWING OF AREA-47,,DE,IFR,,PI,PS-OT-T-0343,16-10-1,,,No,1311,1204-Owner-v,16-10-4,,CDW,20-6-16,,,20-6-16,16-10-10,,,,InProgress,80%
1204-00-RE-REQ-304,00,REQUISITION FOR EMERGENCY AIR COMPRESSOR,,DE,IFI,,MC,PS-OT-T-0443,17-4-22,,,No,1108,1204-Owner-v,17-5-1,,REQ,17-5-3,,,,17-5-3,,,,InProgress,90%
1204-00-QC-SOI-510,00,SCOPE OF INSPECTION FOR CATHODIC PROTECTION,,DE,IFI,,QC,PS-OT-T-9999,15-6-14,,,No,32633,,,,SCOPE,20-5-15,,,,,,,,complete,100%
1204-00-EL-REQ-513,00,REQUISITION FOR PUBLIC ADDRESS AND INTERCOM SYSTEM,,DE,IFI,,EL,PS-OT-T-0917,20-2-26,,,No,68,1204-Owner-v,20-2-27,,REQ,20-6-23,,,20-7-6,,20-3-9,MT-PS-9609-CS-0307,,InProgress,90%
1204-00-EL-TBA-509A,00,"TECHNICAL BID ANALYSIS FOR POWER, CONTROL AND EARTHING CABLES",,DE,IFE,,EL,PS-OT-T-0922,20-3-1,,,No,64,1204-Owner-v,20-3-3,,TBA,20-2-19,,,20-2-25,,,,,complete,100%
1204-00-EL-TBA-510,01,TECHNICAL BID ANALYSIS FOR CATHODIC PROTECTION,,DE,IFE,,EL,PS-OT-T-0875,20-1-27,,,No,98,1204-Owner-v,20-2-1,,TBA,20-1-27,,,,20-1-27,,,,complete,100%
1204-71-ST-DWG-754,03,DYKE WALL FOR TK-7101 A/B & TK-7201 / G.A. PLAN & DETAILS,,DE,IFC,,ST,PS-OT-T-0395,17-1-3,,,No,1217,1204-Owner-v,17-1-4,,CDW,17-1-14,,,,17-1-14,,,,complete,100%
1204-90-HV-DSH-013,01,DATA SHEET FOR WALL TYPE EXHAUST FAN FOR CHEMICAL STORE IN LABORATORY,,DE,IFE,,HV,TM-OT-9001-T-0450,15-3-6,,,No,1886,1204-TKT-COLANGELI,15-3-4,,DSH,15-3-6,,,,15-3-6,,,,complete,100%
1204-90-HV-DSH-062,01,DATA SHEET FOR FRESH AIR FAN & FILTER UNIT FOR CLINIC,,DE,IFE,,HV,TM-OT-9001-T-0452,15-3-6,,,No,1886,1204-TKT-COLANGELI,15-3-4,,DSH,15-3-6,,,,15-3-6,,,,complete,100%
1204-90-HV-DSH-202,02,DATA SHEET FOR PRESSURE RELIEF DAMPER FOR CONTROL BUILDING,,DE,IFE,,HV,PS-OT-T-0006,15-3-9,,,No,1883,1204-Owner-v,15-3-17,,DSH,15-3-9,,,,15-3-9,,,,complete,100%
1204-90-HV-DWG-061,02,CLINIC AND TRAINING - DUCTING LAYOUT,,DE,IFC,,HV,PS-TM-T-0386,15-1-15,,,No,-2812,1204-Owner-v,15-4-18,,CDW,15-1-15,,,,15-1-15,,,,complete,100%
1204-83-RE-DSH-055,00,DATA SHEET FOR FLARE KNOCK-OUT DRUM PUMPS (P-8301 A/B),,DE,IFR,,MC,PS-OT-T-0836,19-11-16,,,No,170,1204-Owner-v,20-1-5,,DSH,19-11-16,,,,,,,,InProgress,80%
1204-90-HV-DSH-094,01,DATA SHEET FOR NORTH WALL TYPE EXHAUST FAN FOR GF TOILET IN WAREHOUSE,,DE,IFE,,HV,TM-OT-9001-T-0443,15-2-24,,,No,1896,1204-TKT-COLANGELI,15-2-24,,DSH,15-2-24,,,,15-2-24,,,,complete,100%
1204-90-HV-DWG-063,01,CLINIC AND TRAINING - DUCT SUPPORTING AND OPENING LOCATION,,DE,IFC,,HV,TM-OT-9001-T-0380,14-7-1,,,No,2134,1204-TKT-COLANGELI,14-7-1,,CDW,14-7-1,,,,14-7-1,,,,complete,100%
1204-90-HS-DWG-010,01,"SAFETY EQUIPMENT LAYOUT FOR ADMINISTRATION, RESTAURANT AND CLINIC BUILDING",,DE,IFE,,HSE,PS-OT-T-376,16-12-12,,,No,1239,1204-Owner-v,16-12-24,,EDW,16-12-12,,,,16-12-12,,,,complete,100%
1204-20-RE-DSH-002,00,DATA SHEET FOR STEAM TURBINE FOR SYNTHESIS GAS COMPRESSOR STC-2001,,DE,IFR,,MC,PS-OT-T-0157,15-12-21,,,No,1596,1204-Owner-v,15-12-22,,DSH,15-12-23,,,,15-12-23,16-1-6,MT-PS-9301-CS-076,,InProgress,80%
1204-10-PI-LST-6100,01,U/G ISOMETRIC LIST OF AREA-61,,DE,IFC-WH,,PI,PS-OT-T-0633,18-6-18,,,No,686,1204-Owner-v,18-6-24,,CDW,20-6-30,,,20-6-30,,18-6-24,MT-PS-9609-CS-089,,InProgress,90%
1204-20-PI-UPL-6500,02,UNDER GROUND PIPING PLAN AREA-65,,DE,IFC-WH,,PI,PS-OT-T-0665,18-8-13,,,No,630,1204-Owner-v,18-8-15,,CDW,18-8-27,,,,18-8-27,,,,InProgress,90%
1204-30-PI-LST-2900,01,A/G ISOMETRIC LIST OF AREA-29,,DE,IFC-WH,,PI,PS-OT-T-0673,18-8-29,,,No,614,1204-Owner-v,18-9-1,,CDW,20-6-11,,,20-6-11,,,,,InProgress,90%
1204-63-PI-LST-1700,00,A/G ISOMETRIC LIST OF AREA-17,,DE,IFR,,PI,PS-OT-T-0165,15-12-30,,,No,1587,1204-Owner-v,16-1-2,,CDW,19-12-20,,,20-6-4,16-1-6,16-5-7,MT-PS-9301-CS-142,,InProgress,80%
1204-00-PR-UDD-021,02,UTILITY DISTRIBUTION DIAGRAM FOR SANITARY GATHERING SYSTEM,,DE,IFC-WH,,PR,PS-OT-T-0575,18-3-6,,,No,790,1204-Owner-v,18-4-7,,EDW,20-5-1,,,20-5-1,18-4-12,18-3-7,MT-PS-9609-CS-043,,InProgress,90%
1204-10-PI-LST-4500,00,A/G ISOMETRIC LIST OF AREA-45,,DE,IFR,,PI,PS-OT-T-0327,16-8-28,,,No,1345,1204-Owner-v,16-8-28,,CDW,20-6-16,,,20-6-16,16-9-3,,,,InProgress,80%
1204-30-HM-DSH-238,00,MECHANICAL DATA SHEET FOR TOPPING COLUMN SECONDARY CONDENSER (E-3002),,DE,IFR,,MD,TM-OT-9001-T-0333,13-11-6,,,No,2371,1204-TKT-COLANGELI,13-11-6,,DSH,13-11-6,,,,13-11-6,,,,complete,100%
1204-90-HV-DSH-001,03,DATA SHEET FOR PACKAGE AIR HANDLING UNIT FOR CONTROL BUILDING,,DE,IFE,,HV,PS-OT-T-0707,18-10-24,,,No,558,1204-Owner-v,18-10-29,,DSH,18-10-24,,,,18-10-24,,,,complete,100%
1204-90-HV-DSH-250,01,DATA SHEET FOR MOTORIZED FIRE DAMPER FOR RESTAURANT,,DE,IFE,,HV,PS-OT-T-0259,16-5-10,,,No,1455,1204-Owner-v,16-5-14,,DSH,16-5-10,,,,16-5-10,,,,complete,100%
1204-30-ST-DWG-331,02,"STRUCTURE ""E"" FOR E-3004,E-3012 / FDN. (G.A. & R.C.)",,DE,IFC,,ST,PS-OT-T-0307,16-7-13,,,No,1391,1204-Owner-v,16-7-14,,CDW,16-7-21,,,,16-7-21,,,,complete,100%
1204-90-EL-SLD-048,01,WORK SHOP NORMAL LIGHTING PANEL ONE LINE DIAGRAM,,DE,IFC,,EL,TM-OT-9001-T-0349,14-1-23,,,No,2293,1204-TKT-COLANGELI,14-1-23,,CDW,14-1-23,,,,14-1-23,,,,complete,100%
1204-00-HS-DSH-013,00,DATA SHEET FOR PORTABLE CO2 EXTINGUISHER,,DE,IFR,,HSE,TM-OT-9001-T-0342,13-12-18,,,No,2329,1204-TKT-COLANGELI,13-12-18,,DSH,19-10-12,,,20-10-10,13-12-18,,,,InProgress,80%
1204-83-HS-PFD-830,02,PROCESS FLOW DIAGRAM FOR FLARE UNIT,,DE,IFE,,HSE,PS-OT-T-0506,17-12-2,,,No,884,1204-Owner-v,17-12-3,,EDW,19-10-1,,,20-7-30,,17-12-17,MT-PS-9301-CS-267,,complete,100%
1204-00-HM-REQ-254,01,REQUISITION FOR AUXILIARY WATER TUBE BOILER,,DE,IFP,,MD,TM-OT-9001-T-0434,15-2-5,,,No,1915,1204-TKT-COLANGELI,15-2-5,,REQ,15-2-5,,,,15-2-5,,,,complete,100%
1204-00-PI-PPL-004,01,PLOT PLAN UNIT 300,,DE,IFR,,PI,PS-OT-T-0430,17-3-12,,,No,1149,1204-Owner-v,17-3-14,,CDW,20-6-1,,,20-6-1,,,,,InProgress,80%
1204-00-PI-REQ-403B,00,REQUISITION FOR A/G GASKETS(MTO II),,DE,IFI,,PI,PS-OT-T-0946,20-4-11,,,No,23,1204-Owner-v,20-4-15,,REQ,20-4-16,,,20-4-20,,,,,InProgress,90%
1204-00-PR-PID-005,01,PIPING & INSTRUMENTATION DIAGRAM FOR INSTRUMENT SYMBOLS II,,DE,IFR,,PR,PS-OT-T-365,16-11-13,,,No,1268,1204-Owner-v,16-11-16,,EDW,20-8-1,,,20-10-20,17-4-16,17-5-20,MT-PS-9301-CS-201-R,,InProgress,80%
1204-10-PR-PID-108,01,PIPING & INSTRUMENTATION DIAGRAM UNIT 100- PRIMARY REFORMER RAD & CONV. SECTION FLUE GAS SIDE,,DE,IFR,,PR,PS-OT-T-363,16-11-13,,,No,1268,1204-Owner-v,16-11-16,,EDW,20-6-1,,,20-6-1,17-4-1,17-5-20,MT-PS-9301-CS-200-R,,InProgress,80%
1204-10-PR-PID-117,01,PIPING & INSTRUMENTATION DIAGRAM UNIT 100- SYNTHESIS GAS COOLING,,DE,IFR,,PR,PS-OT-T-363,16-11-13,,,No,1268,1204-Owner-v,16-11-16,,EDW,20-6-1,,,20-6-1,17-4-1,17-5-20,MT-PS-9301-CS-200-R,,InProgress,80%
1204-30-HM-DSH-243,00,MECHANICAL DATA SHEET FOR TOPPING COLUMN REBOILER (E-3007),,DE,IFR,,MD,TM-OT-9001-T-0333,13-11-6,,,No,2371,1204-TKT-COLANGELI,13-11-6,,DSH,13-11-6,,,,13-11-6,,,,InProgress,80%
1204-90-HV-DSH-002,02,DATA SHEET FOR AIR CONDENSER FOR CONTROL BUILDING,,DE,IFE,,HV,TM-OT-9001-T-0391,14-9-9,,,No,2064,1204-TKT-COLANGELI,14-9-9,,DSH,14-9-9,,,,14-9-9,14-10-1,MT-OT-9301-CS-019,,complete,100%
1204-90-HV-DSH-041,00,DATA SHEET FOR AIR CONDENSER FOR ADMINISTRATION,,DE,IFE,,HV,TM-OT-9001-T-0316,13-9-11,,,No,2427,1204-TKT-COLANGELI,13-9-9,,DSH,13-9-11,,,,13-9-11,,,,InProgress,80%
1204-90-HV-DSH-042,01,DATA SHEET FOR FRESH AIR FAN & FILTER UNIT FOR ADMINISTRATION,,DE,IFE,,HV,TM-OT-9001-T-0450,15-3-6,,,No,1886,1204-TKT-COLANGELI,15-3-4,,DSH,15-3-6,,,,15-3-6,,,,complete,100%
1204-90-HV-DWG-041,02,ADMINISTRATION - DUCTING LAYOUT,,DE,IFC,,HV,PS-TM-T-0386,15-1-15,,,No,-2812,1204-Owner-v,15-4-18,,CDW,15-1-15,,,,15-1-15,14-10-19,,,complete,100%
1204-90-HV-DID-044,02,ADMINISTRATION - MECHANICAL ROOM GENERAL DIAGRAM,,DE,IFC,,HV,PS-TM-T-0386,15-1-15,,,No,-2812,1204-Owner-v,15-4-18,,CDW,15-1-15,,,,15-1-15,14-10-19,,,complete,100%
1204-90-HV-DSH-082,01,DATA SHEET FOR WALL TYPE EXHAUST FAN FOR SHOWER IN WORKSHOP,,DE,IFE,,HV,TM-OT-9001-T-0452,15-3-6,,,No,1886,1204-TKT-COLANGELI,15-3-4,,DSH,15-3-6,,,,15-3-6,,,,complete,100%
1204-90-HV-DSH-045,01,DATA SHEET FOR CENTRIFUGAL EXHAUST FAN FOR TOILET IN ADMINISTRATION AND CLINIC,,DE,IFE,,HV,TM-OT-9001-T-0450,15-3-6,,,No,1886,1204-TKT-COLANGELI,15-3-4,,DSH,15-3-6,,,,15-3-6,,,,complete,100%
1204-90-HV-DSH-067,00,DATA SHEET FOR AIR CONDENSER FOR TRAINING,,DE,IFE,,HV,TM-OT-9001-T-0316,13-9-11,,,No,2427,1204-TKT-COLANGELI,13-9-10,,DSH,13-9-11,,,,13-9-11,,,,InProgress,80%
1204-00-PI-LST-7000,01,U/G ISOMETRIC LIST OF AREA-70,,DE,IFC-WH,,PI,PS-OT-T-0627,18-6-3,,,No,701,1204-Owner-v,18-6-19,,CDW,20-6-30,,,20-6-30,18-6-17,,,,InProgress,90%
1204-71-PI-ISO-3200,00,A/G ISOMETRIC DRAWING OF AREA-32,,DE,IFR,,PI,TM-OT-9001-T-0427,15-1-12,,,No,1939,1204-TKT-COLANGELI,15-1-9,,CDW,19-12-13,,,20-5-28,15-1-12,,,,InProgress,80%
1204-20-ST-DWG-249,01,C-2002 / FDN. (G.A. & R.C.),,DE,IFC,,ST,PS-OT-T-0638,18-7-1,,,No,673,1204-Owner-v,18-7-3,,CDW,20-6-30,,,20-6-30,18-7-7,18-7-4,MT-PS-9609-CS-092,,complete,100%
1204-64-PV-DSH-205,04,MECHANICAL DATA SHEET FOR DEMIN WATER STORAGE TANK (TK-6402),,DE,IFE,,MD,TM-OT-9001-T-0445,15-3-4,,,No,1888,1204-TKT-COLANGELI,15-3-4,,DSH,15-3-4,,,,15-3-4,,,,complete,100%
1204-90-ST-DWG-984,02,"ADMINISTRATION , RESTAURANT & CLINIC BUILDING / BEAMS , WALLS & COLUMNS (G.A. PLAN & DETAILS)",,DE,IFC,,ST,TM-OT-9001-T-0341,13-12-18,,,No,2329,1204-TKT-COLANGELI,13-12-16,,CDW,13-12-18,,,,13-12-18,,,,complete,100%
1204-90-ST-DWG-986,02,"ADMINISTRATION , RESTAURANT & CLINIC BUILDING / BEAMS (R.C. I)",,DE,IFC,,ST,TM-OT-9001-T-0341,13-12-18,,,No,2329,1204-TKT-COLANGELI,13-12-16,,CDW,13-12-18,,,,13-12-18,,,,complete,100%
1204-00-QC-SOI-529,00,SCOPE OF INSPECTION FOR EARTHING AND LIGHTNING MATERIALS,,DE,IFI,,QC,PS-OT-T-9999,15-6-14,,,No,32633,,,,SCOPE,20-5-15,,,,,,,,complete,100%
1204-90-ST-DWG-1041,01,WAREHOUSE / FRAMES & PLAN FOR CHEMICAL STORAGE,,DE,IFC,,ST,TM-OT-9001-T-0234,13-2-5,,,No,2645,1204-TKT-COLANGELI,13-2-5,,CDW,13-2-5,,,,13-2-5,,,,complete,100%
1204-00-PI-TBA-462A,01,TECHNICAL BID ANALYSIS FOR U/G FLANGES(MTO I),,DE,IFE,,PI,PS-OT-T-0266,16-5-18,,,No,1447,1204-Owner-v,16-5-18,,TBA,16-5-18,,,,16-5-18,,,,complete,100%
1204-00-PI-APL-3500,00,PIPING PLAN AREA-35,,DE,IFR,,PI,PS-OT-T-0324,16-8-23,,,No,1350,1204-Owner-v,16-8-24,,CDW,20-6-11,,,20-6-11,16-8-29,,,,InProgress,80%
1204-00-EL-DSH-508,00,DATA SHEET FOR 110V AC UPS (CR01-UPS-01),,DE,IFR,,EL,PS-OT-T-481,17-9-11,,,No,966,1204-Owner-v,17-9-13,,DSH,20-4-21,,,20-4-21,,18-6-10,MT-PS-9301-CS-250-R,,InProgress,80%
1204-20-ST-DWG-271,02,"STRUCTURE ""A"" FOR D-2003,E-2001A/B,E-2003A/B,E-2002,E-2005A/B,E-2006/STEEL STR.(PLAN & DET. I)",,DE,IFC-WH,,ST,PS-OT-T-0816,19-7-15,,,No,294,1204-Owner-v,19-7-20,,CDW,19-7-20,,,,19-7-20,,,,complete,100%
1204-00-EL-DSH-5072,00,DATA SHEET FOR BATTERY CHARGER (SS01-CH-01),,DE,IFR,,EL,PS-OT-T-0489,17-9-18,17-10-18,,Yes,16,1204-Owner-v,17-9-21,,DSH,20-5-13,,,20-5-13,17-9-19,17-10-9,MT-PS-9301-CS-253,,InProgress,80%
1204-00-ST-DWG-1110,05,EAST RETAINING WALL (FIRST PART)  / G.A. PLAN & R.C. DETAILS (I),,DE,IFC,,ST,PS-OT-T-0816,19-7-15,,,No,294,1204-Owner-v,19-7-20,,CDW,19-7-20,,,,19-7-20,,,,complete,100%
1204-00-ST-DWG-1153,01,VB-6905 / R.C. DETAILS,,DE,IFC,,ST,PS-OT-T-0580,18-3-13,,,No,783,1204-Owner-v,18-4-14,,CDW,18-3-13,,,,18-3-13,,,,complete,100%
1204-20-ST-DWG-1173,02,"STRUCTURE ""M"" FOR R-2001 / CONCRETE  STRUCTURE (R.C. DETAILS I )",,DE,IFC,,ST,PS-OT-T-0717,18-11-11,,,No,540,1204-Owner-v,18-11-12,,CDW,18-11-21,,,,18-11-21,,,,complete,100%
1204-61-ST-DWG-553,00,ASU (DR-6101A & DR-6101B) / FDN. (G.A. & R.C.),,DE,IFR,,ST,PS-OT-T-0653,18-7-23,,,No,651,1204-Owner-v,18-8-3,,CDW,18-7-23,,,,18-7-23,18-8-4,MT-PS-9609-CS-104,,InProgress,80%
1204-00-EL-REQ-519,00,REQUISITION FOR STREET LIGHTING FIXTURES,,DE,IFI,,EL,PS-OT-T-0903,20-2-19,,,No,75,1204-Owner-v,20-2-22,,REQ,20-2-19,,,,20-2-19,20-2-26,MT-PS-9609-CS-0279,,InProgress,90%
1204-40-IN-DWG-044,00,INSTRUMENT FIELD & CABLE LAYOUT (AREA 44),,DE,IFR,,IN,PS-OT-T-0345,16-10-3,,,No,1309,1204-Owner-v,16-10-8,,CDW,20-6-25,,,20-6-25,,16-10-18,MT-PS-9301-CS-191-R,,InProgress,80%
1204-00-ST-DWG-776,03,GUARD  RAIL DETAILS,,DE,IFC,,ST,PS-OT-T-0857,19-12-29,,,No,127,1204-Owner-v,20-1-2,,CDW,19-12-29,,,,19-12-29,,MT-PS-9609-CS-0252,,complete,100%
1204-00-PI-REQ-461AP,01,REQUISITION FOR U/G PIPES(MTO I),,DE,IFP,,PI,PS-OT-T-0404,17-1-15,,,No,1205,1204-Owner-v,17-6-10,,REQ,17-1-15,,,,17-1-15,,,,complete,100%
1204-90-RE-DSH-062,01,"DATA SHEET FOR E.O.T CRANE FOR MAIN WAREHOUSE, CN-9001",,DE,IFR,,MC,PS-OT-T-0660,18-8-5,,,No,638,1204-Owner-v,18-8-15,,DSH,18-8-5,,,,18-8-5,,,,InProgress,80%
1204-20-ST-DWG-273,01,"STRUCTURE ""A"" FOR D-2003,E-2001A/B,E-2003A/B,E-2002,E-2005A/B,E-2006/STEEL STR.(STAIR)",,DE,IFC,,ST,PS-OT-T-0802,19-6-10,,,No,329,1204-Owner-v,19-6-12,,CDW,19-6-10,,,,19-6-10,,,,complete,100%
1204-90-EL-DWG-421,01,"ADMIN, REST & CLINIC BUILDING LIGHTNING PROTECTION LAYOUT",,DE,IFC,,EL,TM-OT-9001-T-0349,14-1-23,,,No,2293,1204-TKT-COLANGELI,14-1-23,,CDW,21-4-15,,,21-4-15,,,,,complete,100%
1204-00-HS-DSH-002,01,DATA SHEET FOR WATER MONITOR,,DE,IFR,,HSE,PS-OT-T-0738,18-12-22,,,No,499,1204-Owner-v,18-12-23,,DSH,19-10-12,,,20-10-10,,,,,InProgress,80%
1204-00-HS-DSH-018,00,DATA SHEET FOR HEAT DETECTOR,,DE,IFR,,HSE,TM-OT-9001-T-0412,14-11-24,,,No,1988,1204-TKT-COLANGELI,14-11-24,,DSH,19-10-12,,,20-10-10,14-11-24,,,,InProgress,80%
1204-00-HS-LST-001,01,SAFETY EQUIPMENT LIST FOR PROCESS UNITS,,DE,IFE,,HSE,PS-OT-T-376,16-12-12,,,No,1239,1204-Owner-v,16-12-24,,LIST,16-12-12,,,,16-12-12,,,,complete,100%
1204-84-HS-DIG-001,01,CAUSE AND EFFECT DIAGRAMS FOR EFFLUENT WATER TREATMENT UNIT,,DE,IFR,,HSE,PS-OT-T-0855,19-12-28,,,No,128,1204-Owner-v,20-1-3,,LIST,19-10-10,,,20-8-1,,20-4-20,MT-PS-9301-CS-0332,,InProgress,90%
1204-00-IN-DSH-617,02,DATA SHEET FOR VENTURI & FLOW NOZZLES,,DE,IFR,,IN,PS-OT-T-0602,18-4-30,,,No,735,1204-Owner-v,18-5-3,,DSH,20-8-10,,,20-8-10,,18-5-22,MT-PS-9609-CS-068-R,,InProgress,80%
1204-00-IN-REQ-604,02,REQUISITION FOR ON / OFF VALVES,,DE,IFP,,IN,PS-OT-T-0911,20-2-24,,,No,70,1204-Owner-v,20-2-25,,REQ,20-2-24,,,,20-2-24,20-3-2,MT-PS-9609-CS-0290,,complete,100%
1204-00-IN-SKT-004,00,INSTRUMENT AIR HOOK UP’S,,DE,IFR,,IN,TM-OT-9001-T-0280,13-5-24,,,No,2537,1204-TKT-COLANGELI,13-5-21,,CDW,13-5-24,,,,13-5-24,,,,InProgress,80%
1204-00-PV-REQ-214A,01,REQUISITION FOR TANK ACCESSORIES,,DE,IFP,,MD,PS-OT-T-0255,16-5-7,,,No,1458,1204-Owner-v,16-5-9,,REQ,16-5-7,,,,16-5-7,,,,complete,100%
1204-00-PI-UPL-7800,00,UNDER GROUND PIPING PLAN AREA-78,,DE,IFR,,PI,TM-OT-9001-T-0173,12-10-4,,,No,2769,1204-Owner-v,15-4-18,,CDW,19-12-13,20-6-8,,,12-10-4,,,,InProgress,80%
1204-90-HV-DSH-211,01,DATA SHEET FOR MOTORIZED BLOCK DAMPER FOR LABORATORY,,DE,IFE,,HV,TM-OT-9001-T-0443,15-2-24,,,No,1896,1204-TKT-COLANGELI,15-2-24,,DSH,15-2-24,,,,15-2-24,,,,complete,100%
1204-90-HV-DWG-021,04,SUBSTATION - DUCTING LAYOUT,,DE,IFC,,HV,TM-OT-9001-T-0441,15-2-20,,,No,1900,1204-TKT-COLANGELI,15-2-20,,CDW,15-2-20,,,,15-2-20,,,,complete,100%
1204-90-HV-DSH-085,01,DATA SHEET FOR WALL TYPE EXHAUST FAN FOR WORKSHOP AREA IN WORKSHOP,,DE,IFE,,HV,TM-OT-9001-T-0452,15-3-6,,,No,1886,1204-TKT-COLANGELI,15-3-4,,DSH,15-3-6,,,,15-3-6,,,,complete,100%
1204-90-HS-LST-003,02,SAFETY EQUIPMENT LIST FOR CONTROL ROOM,,DE,IFE,,HSE,PS-OT-T-0027,15-4-20,,,No,1841,1204-Owner-v,15-4-22,,LIST,15-4-20,,,,15-4-20,,,,complete,100%
1204-20-PI-LST-2700,01,A/G ISOMETRIC LIST OF AREA-27,,DE,IFC-WH,,PI,PS-OT-T-0692,18-9-29,,,No,583,1204-Owner-v,18-10-13,,CDW,20-6-11,,,20-6-11,,,,,InProgress,90%
1204-30-PI-APL-2900,01,PIPING PLAN AREA-29,,DE,IFC-WH,,PI,PS-OT-T-0673,18-8-29,,,No,614,1204-Owner-v,18-9-1,,CDW,20-6-11,,,20-6-11,,,,,InProgress,90%
1204-60-PI-UPL-6300,02,UNDER GROUND PIPING PLAN AREA-63,,DE,IFC-WH,,PI,PS-OT-T-0554,18-2-12,,,No,812,1204-Owner-v,18-2-14,,CDW,18-2-22,,,,18-2-22,,,,InProgress,90%
1204-64-PI-ISO-3000,00,A/G ISOMETRIC DRAWING OF AREA-30,,DE,IFR,,PI,PS-OT-T-0071,15-7-5,,,No,1765,1204-Owner-v,15-7-5,,CDW,20-6-4,,,20-6-4,15-7-5,,,,InProgress,80%
1204-00-PI-APL-3800,00,PIPING PLAN AREA-38,,DE,IFR,,PI,PS-OT-T-0327,16-8-28,,,No,1345,1204-Owner-v,16-8-28,,CDW,20-6-11,,,20-6-11,16-9-3,,,,InProgress,80%
1204-03-EL-DWG-013,00,"LIGHTING LAYOUT AREA-03 (D-3003, 3004, E-3003A/B/C/D, T-3003)",,DE,IFR,,EL,PS-OT-T-0139,15-11-29,16-7-24,,Yes,224,1204-Owner-v,15-12-5,,CDW,20-7-15,,,20-7-15,15-12-17,15-12-26,MT-PS-9301-CS-066,,InProgress,80%
1204-00-IN-DWG-015,00,INSTRUMENT FIELD & CABLE LAYOUT (AREA 15),,DE,IFR,,IN,PS-OT-T-0190,16-1-25,,,No,1561,1204-Owner-v,16-1-25,,CDW,20-6-18,,,20-6-18,16-1-28,16-1-30,MT-PS-9301-CS-100,,InProgress,80%
1204-20-ST-DWG-211,02,"STRUCTURE ""A"" FOR D-2003,E-2001A/B,E-2003A/B,E-2002,E-2005A/B,E-2006/STEEL STR. (FRAMES I)",,DE,IFC-WH,,ST,PS-OT-T-0812,19-6-26,,,No,313,1204-Owner-v,19-7-1,,CDW,19-6-26,,,,19-6-26,,,,complete,100%
1204-30-ST-DWG-333,02,"STRUCTURE ""E"" FOR E-3004,E-3012 / STEEL STRUCTURE (ELEVATION & DETS.)",,DE,IFC,,ST,PS-OT-T-0413,17-2-7,,,No,1182,1204-Owner-v,17-2-8,,CDW,17-2-14,,,,17-2-14,,,,complete,100%
1204-90-ST-DWG-909,01,CONTROL ROOM & LABORATORY / FDN.. OF BLAST PART (R.C. DETAILS II),,DE,IFC,,ST,TM-OT-9001-T-0325,13-9-27,,,No,2411,1204-TKT-COLANGELI,13-9-27,,CDW,20-6-20,,,20-6-20,,,,,InProgress,80%
1204-90-ST-DWG-1070,00,FIRE STATION. / PLUMBING LAYOUT & DETAILS,,DE,IFR,,ST,TM-OT-9001-T-0425,15-1-9,,,No,1942,1204-TKT-COLANGELI,15-1-7,,CDW,20-6-30,,,20-6-30,15-1-9,15-1-28,MT-TM-9301-CS-034,,InProgress,80%
1204-90-ST-DWG-1082,02,GUARD HOUSE / SECTIONS,,DE,IFC,,ST,TM-OT-9001-T-0273,13-5-14,,,No,2547,1204-TKT-COLANGELI,13-5-14,,CDW,13-5-14,,,,13-5-14,,,,complete,100%
1204-90-ST-DWG-937,00,SUBSTATION / 3D VIEWS,,DE,IFR,,ST,TM-OT-9001-T-0140,12-8-9,,,No,2825,1204-Owner-v,15-9-16,,CDW,20-6-30,,,20-6-30,12-8-9,,,,InProgress,80%
1204-20-RE-DSH-025,00,Data Sheet for Converter BW Circulation Pumps P-2002 A/B,,DE,IFR,,MC,TM-OT-9001-T-0075,12-5-29,,,No,2897,1204-Owner-v,15-9-16,,DSH,12-5-29,,,,12-5-29,,,,InProgress,80%
1204-00-PR-UDD-010,01,UTILITY DISTRIBUTION DIAGRAM FOR HP & MP STEAM  DISTRIBUTION SYSTEM,,DE,IFR,,PR,PS-OT-T-0416,17-2-11,,,No,1178,1204-Owner-v,17-2-19,,EDW,20-5-1,,,20-5-1,,,,,InProgress,80%
1204-00-PR-UDD-011,01,UTILITY DISTRIBUTION DIAGRAM FOR DMW & BFW DISTRIBUTION SYSTEM,,DE,IFR,,PR,PS-OT-T-0416,17-2-11,,,No,1178,1204-Owner-v,17-2-19,,EDW,20-5-1,,,20-5-1,,,,,InProgress,80%
1204-00-IN-DWG-013,00,INSTRUMENT FIELD & CABLE LAYOUT (AREA 13),,DE,IFR,,IN,PS-OT-T-0290,16-6-18,,,No,1416,1204-Owner-v,16-6-18,,CDW,20-6-18,,,20-6-18,16-6-20,,,,InProgress,80%
1204-00-EL-SCH-5021,00,"6KV SWITCHGEAR SCHEDULE (SS01-SWB2A,B-01)",,DE,IFR,,EL,PS-OT-T-0525,18-1-1,18-2-12,,Yes,28,1204-Owner-v,18-1-2,,LIST,20-5-11,,,20-5-11,18-1-21,18-5-31,MT-PS-9609-CS-002-1-R,,InProgress,90%
1204-71-IN-DWG-032,00,INSTRUMENT FIELD & CABLE LAYOUT (AREA 32),,DE,IFR,,IN,PS-OT-T-0158,15-12-23,,,No,1594,1204-Owner-v,15-12-23,,CDW,20-6-23,,,20-6-23,15-12-28,16-1-10,MT-PS-9301-CS-080,,InProgress,80%
1204-00-ST-DWG-171,01,PIPE BRIDGE “ I “ / FDN. (G.A. & R.C.),,DE,IFC,,ST,PS-OT-T-0558,18-2-14,,,No,810,1204-Owner-v,18-2-17,,CDW,18-2-14,,,,18-2-14,18-2-17,MT-PS-9609-CS-032,,complete,100%
1204-00-EL-DSH-5024,00,"DATA SHEET FOR AUTO/MANUAL TRANSFER, 6KV SWITCHGEAR SS01-SWB2A,B-01",,DE,IFR,,EL,PS-OT-T-0527,18-1-1,18-2-12,,Yes,28,1204-Owner-v,18-1-2,,DSH,20-5-25,,,20-5-25,,18-5-31,MT-PS-9609-CS-013-R,,InProgress,80%
1204-00-ST-DWG-1141,01,VB-6301 / R.C. DETAILS,,DE,IFC,,ST,PS-OT-T-0725,18-12-10,,,No,511,1204-Owner-v,18-12-12,,CDW,18-12-10,,,,18-12-10,,,,complete,100%
1204-00-ST-DWG-1242,02,SUN CANOPY FOR ELECTRO MOTORS  /  STEEL PARTS (G.A.& DETAILS),,DE,IFC,,ST,PS-OT-T-0805,19-6-12,,,No,327,1204-Owner-v,19-6-23,,CDW,19-7-20,,,,19-7-20,,,,complete,100%
1204-20-ST-DWG-208,01,"STRUCTURE ""A"" & STRUCTURE ""M""  / COMBINED FDN. (G.A. & DETAILS)",,DE,IFC,,ST,PS-OT-T-0691,18-9-29,,,No,583,1204-Owner-v,18-9-29,,CDW,18-9-29,,,,18-9-29,,,,complete,100%
1204-84-HS-DSH-010,00,DATA SHEET FOR SANITARY DISCHARGE PUMP (P-8405),,DE,IFR,,HSE,PS-OT-T-0685,18-9-24,,,No,588,1204-Owner-v,18-10-6,,DSH,20-10-10,,,20-10-10,,,,,InProgress,80%
1204-10-PV-REQ-202G,02,REQUISITION FOR STEEL STRUCTURE OF WASTE HEAT BOILER,,DE,IFP,,MD,PS-OT-T-0913,20-2-24,,,No,70,1204-Owner-v,20-2-25,,REQ,20-2-25,,,,,,,,complete,100%
1204-00-ST-DWG-188,00,PIPE RACK ZONE 14 / STEEL STRUCTURE (ELEVATION & DETS.),,DE,IFR,,ST,PS-OT-T-0973,20-5-13,,,No,-9,1204-Owner-v,20-5-16,,CDW,20-3-23,,,20-3-23,,,,,InProgress,50%
1204-00-PV-REQ-201B,01,REQUISITION FOR AUTO THERMAL REACTOR,,DE,IFP,,MD,PS-OT-T-0568,18-2-27,,,No,797,1204-Owner-v,18-4-15,,REQ,18-2-27,,,,18-2-27,,,,complete,100%
1204-90-EL-DIG-001,00,FIRE ALARM RISER DIAGRAM FOR MAIN SUBSTATION,,DE,IFR,,EL,PS-OT-T-0123,15-10-31,16-7-24,,Yes,253,1204-Owner-v,15-11-1,,CDW,20-4-21,,,20-4-21,15-11-16,15-12-26,MT-PS-9301-CS-067,,InProgress,80%
1204-00-IN-DWG-014,00,INSTRUMENT FIELD & CABLE LAYOUT (AREA 14),,DE,IFR,,IN,PS-OT-T-0190,16-1-25,,,No,1561,1204-Owner-v,16-1-25,,CDW,20-6-18,,,20-6-18,16-1-28,16-1-30,MT-PS-9301-CS-100,,InProgress,80%
1204-02-EL-DWG-022,00,EARTHING LAYOUT AREA-02 (AE-2001),,DE,IFR,,EL,PS-OT-T-0193,16-2-2,16-7-21,,Yes,156,1204-Owner-v,16-2-2,,CDW,20-6-30,,,20-6-30,16-2-17,16-2-13,MT-PS-9301-CS-106,,InProgress,80%
1204-30-ST-DWG-347,01,"STRUCTURE  ""F"" FOR D-3004,D-3005,E-3003C/D,E-3005,E-3009 / COLUMNS (G.A. PLAN & R.C. DETAILS II)",,DE,IFC,,ST,PS-OT-T-0394,17-1-1,,,No,1219,1204-Owner-v,17-1-2,,CDW,17-1-1,,,,17-1-1,,,,complete,100%
1204-30-ST-DWG-353,01,"STRUCTURE  ""F"" FOR D-3004,D-3005,E-3003C/D,E-3005,E-3009 / STEEL STRUCTURE (STAIR)",,DE,IFC,,ST,PS-OT-T-0394,17-1-1,,,No,1219,1204-Owner-v,17-1-2,,CDW,17-1-1,,,,17-1-1,,,,complete,100%
1204-00-ST-DWG-1113,04,EAST RETAINING WALL (SECOND PART)  / G.A. PLAN & R.C. DETAILS,,DE,IFC,,ST,PS-OT-T-0816,19-7-15,,,No,294,1204-Owner-v,19-7-20,,CDW,19-7-20,,,,19-7-20,,,,complete,100%
1204-00-ST-DWG-1136,02,VB-6203/FDN. (G.A. & DETAILS),,DE,IFC,,ST,PS-OT-T-0616,18-5-21,,,No,714,1204-Owner-v,18-5-22,,CDW,18-5-26,,,,18-5-26,18-5-22,MT-PS-9609-CS-075,,complete,100%
1204-90-ST-DWG-1181,00,SUBSTATION FOR ASU / CONCEPTUAL PLAN,,DE,IFR,,ST,PS-OT-T-0586,18-3-19,,,No,777,1204-Owner-v,18-4-3,,CDW,20-5-30,,,20-5-30,,18-7-3,MT-PS-9609-CS-057-N,,InProgress,80%
1204-10-ST-DWG-132,03,"STRUCTURE ""Q"" FOR R-1001,R-1002A/B & R-1003 / FDN. (R.C. & DETAILS)",,DE,IFC,,ST,PS-OT-T-0967,20-5-9,,,No,-5,1204-Owner-v,20-5-11,,CDW,19-4-16,,,,19-4-16,,,,complete,100%
1204-00-PI-REQ-420,00,REQUISITION FOR GASKET FOR FLARE AND UTILITY LINE(OSBL),,DE,IFI,,PI,PS-OT-T-0943,20-4-5,,,No,29,1204-Owner-v,20-4-7,,REQ,20-5-15,,,,,,,,InProgress,90%
1204-20-PR-PID-206,02,PIPING & INSTRUMENTATION DIAGRAM UNIT 200-SYNTHESIS LOOP COOLING / SEPARATION,,DE,IFC-WH,,PR,PS-OT-T-0659,18-8-5,,,No,638,1204-Owner-v,18-8-8,,EDW,20-6-15,,,20-6-15,18-8-9,,,,InProgress,90%
1204-20-PR-REQ-105,02,REQUISITION FOR HYDROGEN RECOVERY UNIT (HRU) (PU-2001),,DE,IFP,,PR,PS-OT-T-0107,15-9-27,,,No,1681,1204-Owner-v,15-9-28,,REQ,15-10-10,,,,15-10-10,15-10-11,MT-PS-9301-CS-017-1,,complete,100%
1204-22-PR-DSH-133,00,Process Instrument Data Sheet for Safety Valves,,BE,IFR,,PR,TM-OT-9001-T-0134,12-7-13,,,No,2852,1204-Owner-v,15-9-16,,DSH,19-10-1,,,20-11-20,12-7-13,,,,InProgress,80%
1204-00-ST-TBA-743,00,TECHNICAL BID ANALYSIS FOR STEEL GRATING,,DE,IFE,,ST,PS-OT-T-0564,18-2-21,,,No,803,1204-Owner-v,18-2-24,,TBA,18-3-1,,,,18-3-1,18-2-24,MT-PS-9609-CS-036,,complete,100%
1204-90-ST-DWG-1020,01,WORK SHOP / FRAMES II,,DE,IFC,,ST,TM-OT-9001-T-0234,13-2-5,,,No,2645,1204-TKT-COLANGELI,13-2-5,,CDW,13-2-5,,,,13-2-5,,,,complete,100%
1204-00-QC-SOI-256A,00,SCOPE OF INSPECTION FOR FILTERS,,DE,IFR,,QC,PS-OT-T-9999,15-12-30,,,No,32633,,,,SCOPE,20-5-15,,,,,,,,InProgress,50%
1204-00-PV-TBA-204D,00,TECHNICAL BID ANALYSIS FOR PRESSURE VESSELS (GROUP IV),,DE,IFE,,MD,PS-OT-T-0464,17-8-5,,,No,1003,1204-Owner-v,17-8-6,,TBA,17-8-8,,,,17-8-8,,,,complete,100%
1204-90-ST-DWG-1039,01,WAREHOUSE / FRAMES II,,DE,IFC,,ST,TM-OT-9001-T-0234,13-2-5,,,No,2645,1204-TKT-COLANGELI,13-2-5,,CDW,13-2-5,,,,13-2-5,,,,complete,100%
1204-90-EL-SLD-080,01,TECHNICAL BUILDING EMERGENCY LIGHTING PANEL ONE LINE DIAGRAM,,DE,IFC,,EL,TM-OT-9001-T-0349,14-1-23,,,No,2293,1204-TKT-COLANGELI,14-1-23,,CDW,14-1-23,,,,14-1-23,,,,complete,100%
1204-64-RE-DSH-051,00,DATA SHEET FOR SULFURIC ACID TRANSFER PUMPS (P-6403 A/B),,DE,IFR,,MC,TM-OT-9001-T-0226,13-1-9,,,No,2672,1204-TKT-COLANGELI,13-1-7,,DSH,13-1-9,,,,13-1-9,,,,InProgress,80%
1204-90-HV-DSH-012,01,DATA SHEET FOR WALL TYPE EXHAUST FAN FOR HVAC ROOM IN LABORATORY,,DE,IFE,,HV,TM-OT-9001-T-0450,15-3-6,,,No,1886,1204-TKT-COLANGELI,15-3-4,,DSH,15-3-6,,,,15-3-6,,,,complete,100%
1204-90-HV-DSH-061,00,DATA SHEET FOR AIR CONDENSER FOR CLINIC,,DE,IFE,,HV,TM-OT-9001-T-0316,13-9-11,,,No,2427,1204-TKT-COLANGELI,13-9-10,,DSH,13-9-11,,,,13-9-11,,,,InProgress,80%
1204-90-HV-DWG-015,00,LABORATORY - HVAC EQUIPMENT ARRANGEMENT & REFRIGERANT PIPING PLAN,,DE,IFR,,HV,TM-OT-9001-T-0388,14-8-4,,,No,2100,1204-TKT-COLANGELI,14-8-4,,CDW,14-8-4,,,,14-8-4,,,,InProgress,80%
1204-90-HV-DWG-052,01,RESTAURANT - SECTION OF DUCTING,,DE,IFC,,HV,TM-OT-9001-T-0380,14-7-1,,,No,2134,1204-TKT-COLANGELI,14-7-1,,CDW,14-7-1,,,,14-7-1,,,,complete,100%
1204-90-HV-DID-004,04,CONTROL ROOM - MECHANICAL ROOM GENERAL DIAGRAM,,DE,IFC,,HV,PS-OT-T-0708,18-10-24,,,No,558,1204-Owner-v,18-10-29,,CDW,18-10-24,,,,18-10-24,,,,complete,100%
1204-90-HV-DSH-028,01,DATA SHEET ROOF TYPE EXHAUST FAN FOR DIESEL GEN. ROOM IN SUBSTATION,,DE,IFE,,HV,PS-OT-T-0010,15-3-11,,,No,1881,1204-TKT-COLANGELI,15-3-4,,DSH,15-3-11,,,,15-3-11,,,,complete,100%
1204-00-ST-DWG-023,02,PIPE RACK ZONE 3 / FDN. (G.A. & R.C.),,DE,IFC,,ST,TM-OT-9001-T-0402,14-10-30,,,No,2013,1204-TKT-COLANGELI,14-10-29,,CDW,14-10-30,,,,14-10-30,14-11-11,MT-TM-9301-CS-006,,complete,100%
1204-00-ST-DWG-056,00,PIPE RACK ZONE 8 / CONCRETE STRUCTURE ( R.C. DETAILS II ),,DE,IFC,,ST,PS-OT-T-0069,15-7-1,,,No,1769,1204-Owner-v,15-7-1,,CDW,15-7-1,,,,15-7-1,,,,complete,100%
1204-30-ST-DWG-354,01,D-3006 / FDN. (G.A. & R.C.),,DE,IFC,,ST,PS-OT-T-338,16-9-19,,,No,1323,1204-Owner-v,16-9-21,,CDW,16-9-19,,,,16-9-19,16-9-21,MT-PS-9301-CS-189,,complete,100%
1204-90-HV-DSH-016,01,DATA SHEET FOR CENTRIFUGAL EXHAUST FAN FOR MESS ROOM & TEA ROOM IN LABORATORY,,DE,IFE,,HV,PS-OT-T-0009,15-3-14,,,No,1878,1204-Owner-v,15-3-17,,DSH,15-3-14,,,,15-3-14,,,,complete,100%
1204-20-PI-APL-2700,01,PIPING PLAN AREA-27,,DE,IFC-WH,,PI,PS-OT-T-0692,18-9-29,,,No,583,1204-Owner-v,18-10-13,,CDW,20-6-11,,,20-6-11,,,,,InProgress,90%
1204-60-PI-ISO-6300,01,U/G ISOMETRIC DRAWING OF AREA-63,,DE,IFC-WH,,PI,PS-OT-T-0554,18-2-12,,,No,812,1204-Owner-v,18-2-14,,CDW,20-6-30,,,20-6-30,,18-2-14,MT-PS-9609-CS-029,,InProgress,90%
1204-60-PI-LST-6300,01,U/G ISOMETRIC LIST OF AREA-63,,DE,IFC-WH,,PI,PS-OT-T-0554,18-2-12,,,No,812,1204-Owner-v,18-2-14,,CDW,20-6-30,,,20-6-30,17-2-18,,,,InProgress,90%
1204-71-PI-LST-3300,00,A/G ISOMETRIC LIST OF AREA-33,,DE,IFR,,PI,TM-OT-9001-T-0427,15-1-12,,,No,1939,1204-TKT-COLANGELI,15-1-9,,CDW,19-12-13,,,20-5-28,15-1-12,,,,InProgress,80%
1204-90-EL-DWG-530,01,ADMINISTRATION BUILDING COMMUNICATION LAYOUT,,DE,IFC,,EL,TM-OT-9001-T-0351,14-1-29,15-3-3,,Yes,384,1204-TKT-COLANGELI,14-1-29,,CDW,21-4-15,,,21-4-15,,,,,complete,100%
1204-90-EL-SLD-047,01,FIRE STATION EMERGENCY LIGHTING PANEL ONE LINE DIAGRAM,,DE,IFC,,EL,TM-OT-9001-T-0349,14-1-23,15-3-3,,Yes,390,1204-TKT-COLANGELI,14-1-23,,CDW,14-1-23,,,,14-1-23,,,,complete,100%
1204-90-EL-SLD-051,01,GUARD HOUSE EMERGENCY LIGHTING PANEL ONE LINE DIAGRAM,,DE,IFC,,EL,TM-OT-9001-T-0349,14-1-23,15-3-3,,Yes,390,1204-TKT-COLANGELI,14-1-23,,CDW,14-1-23,,,,14-1-23,,,,complete,100%
1204-00-HS-REQ-155,00,REQUISITION FOR FIRE FIGHTING EQUIPMENT,,DE,IFI,,HSE,PS-OT-T-0740,18-12-22,,,No,499,1204-Owner-v,18-12-23,,REQ,20-9-15,,,20-9-28,,,,,InProgress,90%
1204-20-HS-PID-001,01,PIPING AND INSTRUMENTATION DIAGRAM FOR SPRAY NOZZLE SYSTEM FOR C-2001 & 2002,,DE,IFR,,HSE,PS-OT-T-0545,18-2-3,,,No,821,1204-Owner-v,18-2-4,,EDW,19-10-1,,,20-7-30,,18-2-7,MT-PS-9609-CS-024,,InProgress,80%
1204-00-PV-TBA-201,03,TECHNICAL BID ANALYSIS FOR SYNTHESIS CONVERTER (R-2001),,DE,IFE,,MD,PS-OT-T-0108,15-10-3,,,No,1675,1204-Owner-v,15-10-4,,TBA,15-10-10,,,,15-10-10,15-10-20,,,complete,100%
1204-00-PI-MTO-404A,05,MATERIAL TAKE OFF FOR  VALVES ABOVE GROUND (MTO I),,DE,IFE,,PI,PS-OT-T-0552,18-2-7,,,No,817,1204-Owner-v,18-2-12,,LIST,18-2-15,,,,18-2-15,18-4-4,MT-PS-9609-CS-049-R,,complete,100%
1204-00-PI-UPL-7600,00,UNDER GROUND PIPING PLAN AREA-76,,DE,IFR,,PI,TM-OT-9001-T-0173,12-10-4,,,No,2769,1204-Owner-v,15-4-18,,CDW,19-12-17,,,20-6-8,12-10-4,,,,InProgress,80%
1204-10-PR-PID-109,01,PIPING & INSTRUMENTATION DIAGRAM UNIT 100- INDUCED DRAFT FAN & COMBUSTION AIR FAN,,DE,IFR,,PR,PS-OT-T-363,16-11-13,,,No,1268,1204-Owner-v,16-11-16,,EDW,20-6-1,,,20-6-1,17-4-1,17-5-20,MT-PS-9301-CS-200-R,,InProgress,80%
1204-22-PR-DSH-141,00,Process Instrument Data Sheet for Temperature Transmitters,,BE,IFR,,PR,TM-OT-9001-T-0134,12-7-13,,,No,2852,1204-Owner-v,15-9-16,,DSH,19-10-1,,,20-11-20,12-7-13,,,,InProgress,80%
1204-00-EL-CSH-006,00,LOAD FLOW ANALYSIS,,DE,IFR,,EL,PS-OT-T-0634,18-6-19,,,No,685,1204-Owner-v,18-6-24,,LIST,20-10-10,,,20-10-10,,,,,InProgress,90%
1204-40-ST-DWG-456,01,BOILER (PU-4006 B ) / FDN. (G.A. & R.C. DETAILS II ),,DE,IFC,,ST,PS-OT-T-0191,16-1-30,,,No,1556,1204-Owner-v,16-1-31,,CDW,16-1-30,,,,16-1-30,16-2-1,MT-PS-9301-CS-097,,complete,100%
1204-04-EL-SLD-066,00,SINGLE LINE DIAGRAM FOR 04-DP-01,,DE,IFR,,EL,PS-OT-T-0297,16-6-25,16-7-21,,Yes,12,1204-Owner-v,16-6-28,,CDW,20-10-10,,,20-10-10,16-7-2,16-6-25,MT-PS-9301-CS-169,,InProgress,80%
1204-40-ST-DWG-467,01,D-4003 / FDN. (G.A. & R.C.),,DE,IFC,,ST,PS-OT-T-0295,16-6-22,,,No,1412,1204-Owner-v,16-6-25,,CDW,16-6-22,,,,16-6-22,16-6-25,MT-PS-9301-CS-166,,complete,100%
1204-00-PI-MTO-415A,00,MATERIAL TAKE OFF FOR  SAMPLE COOLER (MTO I),,DE,IFE,,PI,PS-OT-T-0936,20-3-14,,,No,51,1204-Owner-v,20-3-15,,LIST,20-11-15,,,20-9-1,,20-3-17,MT-PS-9609-CS-0315,,complete,100%
1204-84-HS-DSH-013,01,DATA SHEET FOR SANITARY WATER COLLECTION BASIN (SU-8406),,DE,IFR,,HSE,PS-OT-T-0854,19-12-28,,,No,128,1204-Owner-v,20-1-3,,DSH,20-10-10,,,20-10-10,,20-2-12,MT-PS-9301-CS-0269-1,,InProgress,80%
1204-10-QC-SOI-202D,00,SCOPE OF INSPECTION FOR STEAM DRUMS OF WASTE HEAT BOILER,,DE,IFI,,QC,PS-OT-T-9999,15-6-14,,,No,32633,,,,SCOPE,20-5-15,,,,,,,,complete,100%
1204-22-PI-ISO-1900,00,A/G ISOMETRIC DRAWING OF AREA-19,,DE,IFR,,PI,PS-OT-T-0195,16-2-13,,,No,1542,1204-Owner-v,16-2-15,,CDW,20-6-4,,,20-6-4,16-2-20,,,,InProgress,80%
1204-30-PI-APL-2300,01,PIPING PLAN AREA-23,,DE,IFC-WH,,PI,PS-OT-T-0651,18-7-23,,,No,651,1204-Owner-v,18-7-28,,CDW,20-6-11,,,20-6-11,,18-8-4,MT-PS-9609-CS-105,,InProgress,90%
1204-00-PI-REQ-461A,00,REQUISITION FOR U/G PIPES & FITTINGS(MTO I),,DE,IFI,,PI,TM-OT-9001-T-0430,15-1-15,,,No,1936,1204-TKT-COLANGELI,15-1-15,,REQ,20-5-15,,,,,,,,complete,100%
1204-00-IN-DSH-636,00,DATA SHEET FOR N2 BLANKETING SYSTEM,,DE,IFR,,IN,PS-OT-T-0538,18-1-20,,,No,835,1204-Owner-v,18-1-21,,DSH,20-8-10,,,20-8-10,18-1-21,18-1-28,MT-PS-9609-CS-016,,InProgress,80%
1204-00-IN-REQ-601,01,REQUISITION FOR FIELDBUS CONTROL SYSTEM,,DE,IFP,,IN,PS-OT-T-0909,20-2-24,,,No,70,1204-Owner-v,20-2-25,,REQ,20-2-24,,,,20-2-24,20-3-1,MT-PS-9609-CS-0291,,complete,100%
1204-00-ST-DWG-084,01,PIPE RACK ZONE 3 / STEEL PARTS,,DE,IFC,,ST,PS-OT-T-0541,18-1-10,,,No,845,1204-Owner-v,18-1-21,,CDW,18-1-10,,,,18-1-10,18-1-21,MT-PS-9609-CS-011,,complete,100%
1204-63-IN-DWG-017,00,INSTRUMENT FIELD & CABLE LAYOUT (AREA 17),,DE,IFR,,IN,PS-OT-T-0220,16-3-14,,,No,1512,1204-Owner-v,16-3-14,,CDW,20-6-19,,,20-6-19,,16-3-16,MT-PS-9301-CS-117-1,,InProgress,80%
1204-64-IN-DWG-030,00,INSTRUMENT FIELD & CABLE LAYOUT (AREA 30),,DE,IFR,,IN,PS-OT-T-0152,15-12-20,,,No,1597,1204-Owner-v,15-12-22,,CDW,20-6-23,,,20-6-23,15-12-28,16-1-10,MT-PS-9301-CS-079,,InProgress,80%
1204-04-EL-DWG-002,00,POWER LAYOUT FOR AREA-04 - AE-3001 AND DA-4001,,DE,IFR,,EL,PS-OT-T-330,16-8-28,16-10-10,,Yes,29,1204-Owner-v,16-8-28,,CDW,20-7-20,,,20-7-20,,16-9-3,MT-PS-9301-CS-182-R,,InProgress,80%
1204-20-ST-DWG-1172,03,"STRUCTURE ""M"" FOR R-2001 / CONCRETE  STRUCTURE (G.A. PLAN & DETAILS)",,DE,IFC,,ST,PS-OT-T-0781,19-4-17,,,No,383,1204-Owner-v,19-4-18,,CDW,19-4-20,,,,19-4-20,,,,complete,100%
1204-64-PV-DSH-204,03,MECHANICAL DATA SHEET FOR CONDENSATE STORAGE TANK (TK-6401),,DE,IFE,,MD,PS-OT-T-0833,19-11-13,,,No,173,1204-Owner-v,19-11-27,,DSH,19-11-13,,,,,,,,complete,100%
1204-00-QC-SOI-214B,00,SCOPE OF INSPECTION FOR TANK SEALING SYSTEM,,DE,IFI,,QC,PS-OT-T-9999,15-6-14,,,No,32633,,,,SCOPE,20-5-15,,,,,,,,complete,100%
1204-90-ST-DWG-1014,01,WORK SHOP / ELEVATIONS,,DE,IFC,,ST,TM-OT-9001-T-0261,13-4-24,,,No,2567,1204-TKT-COLANGELI,13-4-24,,CDW,13-4-24,,,,13-4-24,,,,complete,100%
1204-63-PR-DSH-142,00,Process Instrument Data Sheet for Orifice Plate and Flanges,,BE,IFR,,PR,TM-OT-9001-T-0136,12-7-24,,,No,2841,1204-Owner-v,15-9-16,,DSH,19-10-1,,,20-12-30,12-7-24,,,,InProgress,80%
1204-90-HV-DSH-027,00,DATA SHEET FOR CENTRIFUGAL EXHAUST FAN FOR CABLE CELLAR CO2 REMOVAL IN SUBSTATION,,DE,IFE,,HV,TM-OT-9001-T-0316,13-9-11,,,No,2427,1204-TKT-COLANGELI,13-9-9,,DSH,13-9-11,,,,13-9-11,,,,InProgress,80%
1204-62-PR-DSH-136,00,PROCESS INSTRUMENT DATA SHEET FOR PRESSURE GAUGES,,BE,IFR,,PR,TM-OT-9001-T-0142,12-8-28,,,No,2806,1204-Owner-v,15-9-16,,DSH,19-10-1,,,20-12-20,12-8-28,,,,InProgress,80%
1204-64-PR-DSH-132,00,PROCESS INSTRUMENT DATA SHEET FOR LEVEL GAUGES,,BE,IFR,,PR,TM-OT-9001-T-0142,12-8-28,,,No,2806,1204-Owner-v,15-9-16,,DSH,19-10-1,,,20-10-20,12-8-28,,,,InProgress,80%
1204-64-PR-DSH-134,00,Process Instrument Data Sheet for Pressure Gauges,,BE,IFR,,PR,TM-OT-9001-T-0136,12-7-24,,,No,2841,1204-Owner-v,15-9-16,,DSH,19-10-1,,,20-10-20,12-7-24,,,,InProgress,80%
1204-30-ST-DWG-313,01,"STRUCTURE ""C"" FOR D-3001,D-3002,E-3001,E-3002,E-3007,E-3011 / STEEL STRUCTURE (STAIR)",,DE,IFC,,ST,PS-OT-T-0751,19-2-5,,,No,454,1204-Owner-v,19-2-6,,CDW,19-2-5,,,,19-2-5,,,,complete,100%
1204-90-ST-DWG-924,01,CONTROL ROOM & LABORATORY / PLUMBING LAYOUT ( FIRST FLOOR PLAN ),,DE,IFC,,ST,TM-OT-9001-T-0394,14-9-15,,,No,2058,1204-TKT-COLANGELI,14-9-12,,CDW,14-9-15,,,,14-9-15,14-9-24,MT-OT-9301-CS-025,,complete,100%
1204-90-ST-DWG-1061,01,FIRE STATION / COLUMN (R.C. DETAILS),,DE,IFC,,ST,TM-OT-9001-T-0341,13-12-18,,,No,2329,1204-TKT-COLANGELI,13-12-16,,CDW,13-12-18,,,,13-12-18,,,,complete,100%
1204-00-QC-SOI-526,00,SCOPE OF INSPECTION FOR JUNCTION BOXES,,DE,IFI,,QC,PS-OT-T-9999,15-6-14,,,No,32633,,,,SCOPE,20-5-15,,,,,,,,complete,100%
1204-30-RE-DSH-331,00,DATA SHEET FOR FUSEL OIL PUMPS (P-3005 A/B),,DE,IFR,,MC,PS-OT-T-0836,19-11-16,,,No,170,1204-Owner-v,20-1-5,,DSH,19-11-16,,,,,,,,InProgress,80%
1204-90-EL-SLD-082,01,CONTROL ROOM SAFETY LIGHTING PANEL ONE LINE DIAGRAM,,DE,IFC,,EL,TM-OT-9001-T-0349,14-1-23,15-3-3,,Yes,390,1204-TKT-COLANGELI,14-1-23,,CDW,14-1-23,,,,14-1-23,,,,complete,100%
1204-90-ST-DWG-1095,03,"ADMINISTRATION , RESTAURANT ,CLINIC & GUARD HOUSE BUILDING / FURNITURE PLAN FOR THIRD FLOOR PLAN",,DE,IFR,,ST,PS-OT-T-0863,20-1-2,,,No,123,1204-Owner-v,20-1-3,,CDW,20-3-30,,,20-3-30,,20-2-8,MT-PS-9609-CS-0266,,InProgress,80%
1204-00-EL-TBA-522,01,TECHNICAL BID ANALYSIS FOR MV ELECTRICAL MOTORS FOR PRIMERY REFORMER,,DE,IFE,,EL,PS-OT-T-0837,19-11-19,,,No,167,1204-Owner-v,19-11-26,,TBA,20-2-25,,,20-3-2,,20-1-12,MT-PS-9609-CS-0242-1,,complete,100%
1204-00-ST-DWG-193,02,PIPE RACK ZONE 16 /  STEEL STRUCTURE (PLAN & DETS.),,DE,IFC,,ST,PS-OT-T-0862,20-1-1,,,No,124,1204-Owner-v,20-1-2,,CDW,20-1-1,,,,20-1-1,,,,complete,100%
1204-90-EL-DWG-510,01,ADMINISTRATION BUILDING LIGHTING AND SMALL POWER LAYOUT,,DE,IFC,,EL,TM-OT-9001-T-0349,14-1-23,,,No,2293,1204-TKT-COLANGELI,14-1-23,,CDW,21-4-15,,,21-4-15,,,,,complete,100%
1204-00-IN-DSH-634,01,DATA SHEET FOR RADAR TYPE LEVEL TRANSMITTERS,,DE,IFR,,IN,PS-OT-T-0396,17-1-7,,,No,1213,1204-Owner-v,17-1-11,,DSH,20-8-10,,,20-8-10,17-1-31,17-2-15,MT-PS-9301-CS-207-1,,InProgress,80%
1204-00-IN-MTO-003,00,MATERIAL TAKE OFF FOR INSTRUMENT CABLE GLAND,,DE,IFE,,IN,PS-OT-T-0880,20-2-6,,,No,88,1204-Owner-v,20-2-8,,LIST,19-12-25,,,20-4-28,,20-4-16,MT-PS-9609-CS-0271-R,,complete,100%
1204-00-IN-REQ-628,00,REQUISITION FOR INSTRUMENT CABLES,,DE,IFI,,IN,PS-OT-T-0897,20-2-18,,,No,76,1204-Owner-v,20-2-18,,REQ,20-6-9,,,20-6-15,,20-2-27,MT-PS-9609-CS-0278,,InProgress,90%
1204-00-PI-MTO-462A,04,MATERIAL TAKE OFF FOR U/G FLANGES (MTO I),,DE,IFE,,PI,PS-OT-T-0470,17-8-26,,,No,982,1204-Owner-v,17-8-30,,LIST,17-8-30,,,,17-8-30,17-10-23,MT-PS-9301-CS-260,,complete,100%
1204-00-PI-PPL-003,01,PLOT PLAN UNIT 200,,DE,IFR,,PI,PS-OT-T-0427,17-3-6,,,No,1155,1204-Owner-v,17-5-1,,CDW,20-6-1,,,20-6-1,17-4-9,17-5-8,MT-PS-9301-CS-226-R,,InProgress,80%
1204-00-PI-UPL-7000,03,UNDER GROUND PIPING PLAN AREA-70,,DE,IFC-WH,,PI,PS-OT-T-0621,18-5-30,,,No,705,1204-Owner-v,18-6-2,,CDW,18-6-2,,,,18-6-2,18-6-2,MT-PS-9609-CS-079,,InProgress,90%
1204-10-PR-PID-107,01,PIPING & INSTRUMENTATION DIAGRAM UNIT 100- PRIMARY REFORMER RAD & CONV. SECTION PROCESS COILS,,DE,IFR,,PR,PS-OT-T-363,16-11-13,,,No,1268,1204-Owner-v,16-12-10,,EDW,20-6-1,,,20-6-1,16-11-18,17-1-4,MT-PS-9301-CS-200,,InProgress,80%
1204-65-PR-DSH-101,00,DATA SHEET FOR FUEL GAS CONDENSATE POT,,BE,IFR,,PR,TM-OT-9001-T-0276,13-5-16,,,No,2545,1204-TKT-COLANGELI,13-5-16,,DSH,20-5-1,,,20-6-30,13-5-16,,,,InProgress,80%
1204-30-ST-DWG-335,02,"STRUCTURE ""E"" FOR E-3004,E-3012 / BEAMS (G.A. PLAN & R.C. DETAILS)",,DE,IFC,,ST,PS-OT-T-0413,17-2-7,,,No,1182,1204-Owner-v,17-2-8,,CDW,17-2-14,,,,17-2-14,,,,complete,100%
1204-90-HS-DWG-009,02,FIRE ALARM LAYOUT FOR WAREHOUSE,,DE,IFE,,HSE,PS-OT-T-0128,15-11-4,,,No,1643,1204-Owner-v,15-11-5,,EDW,15-11-17,,,,15-11-17,15-11-29,MT-PS-9301-CS-048,,complete,100%
1204-90-HS-LST-005,01,"SAFETY EQUIPMENT LIST FOR ADMINISTRATION, RESTAURANT AND CLINIC BUILDING",,DE,IFE,,HSE,PS-OT-T-376,16-12-12,,,No,1239,1204-Owner-v,16-12-24,,LIST,16-12-12,,,,16-12-12,,,,complete,100%
1204-00-ST-MTO-1107,01,MATERIAL TAKE OFF FOR RETAINING WALL,,DE,IFE,,ST,TM-OT-9001-T-0401,14-10-20,,,No,2023,1204-TKT-COLANGELI,14-10-20,,LIST,14-10-20,,,,14-10-20,14-11-11,MT-TM-9301-CS-005,,complete,100%
1204-10-PI-LST-7100,01,U/G ISOMETRIC LIST OF AREA-71,,DE,IFC-WH,,PI,PS-OT-T-0618,18-5-23,,,No,712,1204-Owner-v,18-6-3,,CDW,20-6-30,,,20-6-30,18-6-2,18-5-23,MT-PS-9609-CS-076,,InProgress,90%
1204-63-PI-APL-2100,01,PIPING PLAN AREA-21,,DE,IFC-WH,,PI,PS-OT-T-0933,20-3-14,,,No,51,1204-Owner-v,20-3-15,,CDW,20-6-11,,,20-6-11,,,,,InProgress,90%
1204-64-PI-UPL-6900,02,UNDER GROUND PIPING PLAN AREA-69,,DE,IFC-WH,,PI,PS-OT-T-0606,18-5-12,,,No,723,1204-Owner-v,18-5-13,,CDW,18-5-26,,,,18-5-26,,,,InProgress,90%
1204-72-PI-ISO-7300,03,U/G ISOMETRIC DRAWING OF AREA-73,,DE,IFC-WH,,PI,PS-OT-T-0598,18-4-25,,,No,740,1204-Owner-v,18-4-30,,CDW,20-6-30,,,20-6-30,18-5-3,,,,complete,100%
1204-10-PR-PID-118,01,PIPING & INSTRUMENTATION DIAGRAM UNIT 100- ATR BURNER COOLING SYSTEM,,DE,IFR,,PR,PS-OT-T-364,16-11-13,,,No,1268,1204-Owner-v,16-11-16,,EDW,20-6-1,,,20-6-1,17-5-20,17-5-21,MT-PS-9301-CS-202-1-R,,InProgress,80%
1204-00-PI-ISO-3700,00,A/G ISOMETRIC DRAWING OF AREA-37,,DE,IFR,,PI,PS-OT-T-0282,16-6-12,,,No,1422,1204-Owner-v,16-6-14,,CDW,20-6-11,,,20-6-11,16-6-18,16-6-20,MT-PS-9301-CS-162,,InProgress,80%
1204-10-PV-DSH-210,00,MECHANICAL DATA SHEET FOR NATURAL GAS SEPARATOR (D-1001),,DE,IFR,,MD,PS-OT-T-0833,19-11-13,,,No,173,1204-Owner-v,19-11-27,,DSH,19-11-13,,,,19-11-13,,,,InProgress,80%
1204-10-RE-DSH-059,00,DATA SHEET FOR SECOND SATURATION PUMPS P-1002 A/B,,DE,IFR,,MC,PS-OT-T-0385,16-12-20,,,No,1231,1204-Owner-v,16-12-24,,DSH,16-12-27,,,,16-12-27,17-4-15,MT-PS-9301-CS-210-1,,InProgress,80%
1204-90-ST-DWG-946,02,SUBSTATION / SLABS (R.C. II),,DE,IFC,,ST,TM-OT-9001-T-0369,14-5-23,,,No,2173,1204-TKT-COLANGELI,14-5-22,,CDW,14-5-23,,,,14-5-23,,,,complete,100%
1204-90-ST-MTO-927,00,MATERIAL TAKE OFF FOR CONTROL ROOM & LABORATORY / ARCHITECTURAL,,DE,IFE,,ST,TM-OT-9001-T-0405,14-10-31,,,No,2012,1204-TKT-COLANGELI,14-10-31,,LIST,14-10-31,,,,14-10-31,14-11-11,MT-TM-9301-CS-008,,complete,100%
1204-00-QC-SOI-517,00,SCOPE OF INSPECTION FOR LV VARIABLE SPEED DRIVES,,DE,IFI,,QC,PS-OT-T-9999,15-6-14,,,No,32633,,,,SCOPE,20-5-15,,,,,,,,complete,100%
1204-62-PR-DSH-141,00,Process Instrument Data Sheet for Orifice Plate and Flanges,,BE,IFR,,PR,TM-OT-9001-T-0136,12-7-24,,,No,2841,1204-Owner-v,15-9-16,,DSH,19-10-1,,,20-12-20,12-7-24,,,,InProgress,80%
1204-90-ST-DWG-1087,01,GUARD HOUSE / STEEL STRUCTURE,,DE,IFC,,ST,TM-OT-9001-T-0234,13-2-5,,,No,2645,1204-TKT-COLANGELI,13-2-5,,CDW,13-2-5,,,,13-2-5,,,,complete,100%
1204-72-ST-DWG-735,02,TK-7201 / FDN. (G.A. & R.C.),,DE,IFC,,ST,TM-OT-9001-T-0364,14-5-6,,,No,2190,1204-TKT-COLANGELI,14-5-6,,CDW,14-5-6,,,,14-5-6,,,,complete,100%
1204-22-RE-DSH-038,00,DATA SHEET FOR MACHINERY COOLING WATER PUMPS (P-2201 A/B),,DE,IFR,,MC,TM-OT-9001-T-0226,13-1-9,,,No,2672,1204-TKT-COLANGELI,13-1-7,,DSH,13-1-9,,,,13-1-9,,,,InProgress,80%
1204-10-ST-DWG-153,02,REFORMER (A.P.H.) / FDN. (R.C.),,DE,IFC,,ST,PS-OT-T-0817,19-7-22,,,No,287,1204-Owner-v,19-7-24,,CDW,19-7-24,,,,19-7-24,,,,complete,100%
1204-90-ST-DWG-921,04,CONTROL ROOM & LABORATORY / WALLS (R.C.DETAILS II ),,DE,IFC,,ST,TM-OT-9001-T-0390,14-8-13,,,No,2091,1204-TKT-COLANGELI,14-8-12,,CDW,14-8-20,,,,14-8-20,14-8-20,MT-OT-9301-CS-018,,complete,100%
1204-84-HS-DSH-011,00,DATA SHEET FOR SANITARY DISCHARGE PUMP (P-8406),,DE,IFR,,HSE,PS-OT-T-0685,18-9-24,,,No,588,1204-Owner-v,18-10-6,,DSH,20-10-10,,,20-10-10,,,,,InProgress,80%
1204-10-PV-TBA-202G,01,TECHNICAL BID ANALYSIS FOR STEEL STRUCTURE OF WASTE HEAT BOILER,,DE,IFE,,MD,PS-OT-T-0891,20-2-15,,,No,79,1204-Owner-v,20-2-16,,TBA,20-1-9,,,20-1-21,,20-3-10,MT-PS-9609-CS-0308,,complete,100%
1204-10-HM-TBA-251C,00,"TECHNICAL BID ANALYSIS FOR CONVECTION COILS FABRICATION , MODULARIZATION& FINING AND CAST PARTS SUPPLY OF CONVECTION SECTION TUBE SHEETS",,DE,IFE,,MD,PS-OT-T-0779,19-4-14,,,No,386,1204-Owner-v,19-4-15,,TBA,19-11-26,,,19-12-16,19-4-18,,,,complete,100%
1204-00-PI-MTO-409M,00,MATERIAL TAKE OFF FOR  PAINT MTO (PIPES),,DE,IFE,,PI,PS-OT-T-0771,19-3-18,,,No,413,1204-Owner-v,19-3-19,,LIST,19-4-4,,,,19-4-4,,,,complete,100%
1204-90-ST-DWG-993,00,"ADMINISTRATION , RESTAURANT, CLINIC & GUARD HOUSE BUILDING / FURNITURE PLAN FOR BASEMENT",,DE,IFR,,ST,PS-OT-T-0863,20-1-2,,,No,123,1204-Owner-v,20-1-3,,CDW,20-1-2,,,,20-1-2,20-2-8,MT-PS-9609-CS-0266,,InProgress,80%
1204-00-PI-REQ-422,00,REQUISITION FOR PAINT FOR FLARE AND UTILITY LINE(OSBL),,DE,IFI,,PI,PS-OT-T-0943,20-4-5,,,No,29,1204-Owner-v,20-4-7,,REQ,20-5-15,,,,,,,,InProgress,90%
1204-40-ST-DWG-417,01,T-4001 / FDN. (G.A. & R.C.),,DE,IFC,,ST,PS-OT-T-0177,16-1-9,,,No,1577,1204-Owner-v,16-1-10,,CDW,16-1-9,,,,16-1-9,,,,complete,100%
1204-90-ST-DWG-1010,00,SUBSTATION / SLABS (R.C. IV),,DE,IFC,,ST,TM-OT-9001-T-0300,13-7-4,,,No,2496,1204-TKT-COLANGELI,13-7-3,,CDW,13-7-4,,,,13-7-4,,,,complete,100%
1204-00-PR-BFD-101,,BLOCK FLOW DIAGRAM FOR COMPLEX,,,,,PR,,,,,,,,,,EDW,19-10-1,,,21-2-3,,,,,notIssue,0%
1204-00-PR-LST-001,,TIE IN POINT LIST,,,,,PR,,,,,,,,,,LIST,20-4-1,,,20-4-30,,,,,InProgress,90%
1204-00-PR-ESS-101,,ENGINEERING STANDARD SPECIFICATION FOR AMBIENT AND SITE CONDITION DATA,,,,,PR,,,,,,,,,,SPEC,19-10-1,,,20-5-11,,,,,notIssue,0%
1204-00-PR-ESS-102,,ENGINEERING STANDARD SPECIFICATION FOR UTILITY DATA,,,,,PR,,,,,,,,,,SPEC,19-10-1,,,20-5-11,,,,,notIssue,0%
1204-00-PR-ESS-103,,ENGINEERING STANDARD SPECIFICATION FOR UNITS OF MEASUREMENTS,,,,,PR,,,,,,,,,,SPEC,19-10-1,,,20-5-11,,,,,notIssue,0%
1204-66-PR-UFD-661,,UTILITY FLOW DIAGRAM FOR DIESEL FUEL SYSTEM,,,,,PR,,,,,,,,,,EDW,20-6-1,,,20-6-30,,,,,notIssue,0%
1204-66-PR-PID-661,,PIPING & INSTRUMENTATION FLOW DIAGRAM FOR DIESEL FUEL SYSTEM,,,,,PR,,,,,,,,,,EDW,20-5-1,,,20-6-30,,,,,InProgress,80%
1204-66-PR-DBS-101,,BASIC ENGINEERING DESIGN FOR DIESEL FUEL SYSTEM,,,,,PR,,,,,,,,,,EDW,20-5-1,,,20-6-30,,,,,notIssue,0%
1204-66-PR-LST-001,,EQUIPMENT LIST FOR DIESEL SYSTEM,,,,,PR,,,,,,,,,,LIST,20-5-1,,,20-6-30,,,,,notIssue,0%
1204-00-PR-LST-005,,PROCESS  STEAM TRAP LIST,,,,,PR,,,,,,,,,,LIST,20-6-23,,,,,,,,notIssue,0%
1204-00-PR-LST-006,,CATALYST SUMMARY PROCESS DESCRIPTION,,,,,PR,,,,,,,,,,LIST,20-3-26,,,20-5-6,,,,,notIssue,0%
1204-00-PR-LST-007,,CHEMICALS SUMMARY LIST FOR LABORATORY ,,,,,PR,,,,,,,,,,LIST,20-6-23,,,,,,,,notIssue,0%
1204-00-PR-LST-017,,LABORATORY ANALYSIS SHEDULE,,,,,PR,,,,,,,,,,LIST,20-6-23,,,,,,,,notIssue,0%
1204-61-PR-LST-002,,LINE LIST FOR NITROGEN (ASU) SYSTEM,,,,,PR,,,,,,,,,,LIST,20-1-8,,,20-5-6,,,,,InProgress,5%
1204-65-PR-LST-002,,LINE LIST FOR FUEL GAS SYSTEM,,,,,PR,,,,,,,,,,LIST,20-1-8,,,20-5-6,,,,,InProgress,5%
1204-66-PR-LST-002,,LINE LIST FOR DIESEL SYSTEM,,,,,PR,,,,,,,,,,LIST,20-1-8,,,20-5-6,,,,,notIssue,0%
1204-06-PR-LST-004,,OVERALL UTILITY SUMMARY FOR UTILITY UNIT,,,,,PR,,,,,,,,,,LIST,20-5-1,,,20-6-30,,,,,notIssue,0%
1204-22-PR-LST-004,,ALARM SET POINT LIST FOR MACHINERY COOLING WATER SYSTEM ,,,,,PR,,,,,,,,,,LIST,20-1-22,,,20-5-20,,,,,notIssue,0%
1204-61-PR-LST-004,,ALARM SET POINT LIST FOR NITROGEN (ASU) SYSTEM,,,,,PR,,,,,,,,,,LIST,20-1-22,,,20-5-20,,,,,notIssue,0%
1204-62-PR-LST-004,,ALARM SET POINT LIST FOR INSTRUMENT AIR / PLANT AIR SYSTEM,,,,,PR,,,,,,,,,,LIST,20-1-22,,,20-5-15,,,,,notIssue,0%
1204-63-PR-LST-004,,ALARM SET POINT LIST FOR COOLING WATER SYSTEM,,,,,PR,,,,,,,,,,LIST,20-1-22,,,20-5-15,,,,,notIssue,0%
1204-64-PR-LST-004,,ALARM SET POINT LIST FOR WATER POLISHING SYSTEM SYSTEM,,,,,PR,,,,,,,,,,LIST,20-1-22,,,20-5-20,,,,,notIssue,0%
1204-65-PR-LST-004,,ALARM SET POINT LIST FOR FUEL GAS SYSTEM,,,,,PR,,,,,,,,,,LIST,20-1-22,,,20-5-12,,,,,notIssue,0%
1204-71-PR-LST-004,,ALARM SET POINT LIST FOR DAILY METHANOL STORAGE TANKS,,,,,PR,,,,,,,,,,LIST,20-1-22,,,20-5-20,,,,,notIssue,0%
1204-72-PR-LST-004,,UTILITY SUMMARY LIST FOR CRUDE METHANOL STORAGE TANK,,,,,PR,,,,,,,,,,LIST,20-6-23,,,,,,,,notIssue,0%
1204-61-PR-DIG-001,,CAUSE AND EFFECT DIAGRAM FOR NITROGEN (ASU) SYSTEM,,,,,PR,,,,,,,,,,LIST,20-2-5,,,20-5-6,,,,,notIssue,0%
1204-65-PR-DIG-001,,CAUSE AND EFFECT DIAGRAM FOR FUEL GAS SYSTEM,,,,,PR,,,,,,,,,,LIST,20-2-5,,,20-5-7,,,,,notIssue,0%
1204-00-PR-DSH-101,,DATA SHEET FOR LABORATORY EQUIPMENT,,,,,PR,,,,,,,,,,DSH,20-6-23,,,,,,,,notIssue,0%
1204-63-PR-DSH-110,,DATA SHEET FOR COOLING TOWER BLOW DOWN PUMPS (P-6303 A/B),,,,,PR,,,,,,,,,,DSH,20-6-23,,,,,,,,complete,100%
1204-64-PR-DSH-112,,DATA SHEET FOR CONDENSATE / DEMIN WATER EXCHNAGER (E-6401),,,,,PR,,,,,,,,,,DSH,20-5-1,,,20-6-30,,,,,InProgress,80%
1204-64-PR-DSH-113,,DATA SHEET FOR CONDENSATE COOLER (E-6402),,,,,PR,,,,,,,,,,DSH,20-5-1,,,20-6-30,,,,,InProgress,80%
1204-66 PR-DSH-101,,DATA SHEET FOR DIESEL STORAGE TANK (TK-6601),,,,,PR,,,,,,,,,,DSH,20-5-1,,,20-6-30,,,,,notIssue,0%
1204-66-PR-DSH-102,,DATA SHEET FOR DIESEL TRANSFER PUMPS (P-6601 A/B),,,,,PR,,,,,,,,,,DSH,20-5-1,,,20-6-30,,,,,notIssue,0%
1204-66-PR-DSH-103,,DATA SHEET FOR DIESEL UNLOADING PUMP (P-6601),,,,,PR,,,,,,,,,,DSH,20-5-1,,,20-6-30,,,,,notIssue,0%
1204-62-PR-DSH-135,,PROCESS INSTRUMENT DATA SHEET FOR LEVEL TRANSMITTERS (UNIT 62) ,,,,,PR,,,,,,,,,,DSH,19-10-1,,,20-12-20,,,,,InProgress,5%
1204-64-PR-DSH-135,,PROCESS INSTRUMENT DATA SHEET FOR PRESSURE TRANSMITTERS (UNIT 64) ,,,,,PR,,,,,,,,,,DSH,19-12-9,,,20-10-20,,,,,InProgress,5%
1204-64-PR-DSH-137,,PROCESS INSTRUMENT DATA SHEET FOR TEMPERATURE TRANSMITTERS (UNIT 64) ,,,,,PR,,,,,,,,,,DSH,19-10-3,,,20-10-20,,,,,InProgress,5%
1204-65-PR-DSH-131,,PROCESS INSTRUEMNT DATA SHEET FOR CONTROL VALVES,,,,,PR,,,,,,,,,,DSH,19-10-3,,,20-6-20,,,,,notIssue,0%
1204-65-PR-DSH-133,,PROCESS INSTRUEMNT DATA SHEET FOR SAFETY VALVES,,,,,PR,,,,,,,,,,DSH,19-10-3,,,20-6-20,,,,,notIssue,0%
1204-65-PR-DSH-136,,PROCESS INSTRUEMNT DATA SHEET FOR LEVEL GAUGE,,,,,PR,,,,,,,,,,DSH,19-10-3,,,20-6-20,,,,,notIssue,0%
1204-65-PR-DSH-138,,PROCESS INSTRUEMNT DATA SHEET FOR PRESSURE GAUGE,,,,,PR,,,,,,,,,,DSH,19-10-3,,,20-6-20,,,,,notIssue,0%
1204-65-PR-DSH-139,,PROCESS INSTRUEMNT DATA SHEET FOR PRESSURE TRANSMITTER ,,,,,PR,,,,,,,,,,DSH,19-10-3,,,20-6-20,,,,,notIssue,0%
1204-65-PR-DSH-140,,PROCESS INSTRUEMNT DATA SHEET FOR SELF CONTAINED REGULATOR,,,,,PR,,,,,,,,,,DSH,19-10-3,,,20-6-20,,,,,notIssue,0%
1204-71-PR-DSH-131,,PROCESS INSTRUMENT DATA SHEET FOR CONTROL VALVES (UNIT 71) ,,,,,PR,,,,,,,,,,DSH,19-10-3,,,20-4-13,,,,,InProgress,5%
1204-71-PR-DSH-132,,PROCESS INSTRUMENT DATA SHEET FOR ON / OFF VALVES (UNIT 71) ,,,,,PR,,,,,,,,,,DSH,19-10-3,,,20-4-9,,,,,InProgress,35%
1204-71-PR-DSH-133,,PROCESS INSTRUMENT DATA SHEET FOR SAFETY VALVES (UNIT 71) ,,,,,PR,,,,,,,,,,DSH,19-10-4,,,20-4-14,,,,,InProgress,35%
1204-71-PR-DSH-134,,PROCESS INSTRUMENT DATA SHEET FOR BREATHER VALVES (UNIT 71) ,,,,,PR,,,,,,,,,,DSH,19-10-4,,,20-4-10,,,,,InProgress,5%
1204-71-PR-DSH-135,,PROCESS INSTRUMENT DATA SHEET FOR ORIFICE PLATE AND FLANGES (UNIT 71) ,,,,,PR,,,,,,,,,,DSH,19-10-4,,,20-4-13,,,,,InProgress,5%
1204-71-PR-DSH-136,,PROCESS INSTRUMENT DATA SHEET FOR LEVEL GAUGES (UNIT 71) ,,,,,PR,,,,,,,,,,DSH,19-10-4,,,20-4-14,,,,,InProgress,5%
1204-71-PR-DSH-137,,PROCESS INSTRUMENT DATA SHEET FOR LEVEL TRANSMITTERS (UNIT 71) ,,,,,PR,,,,,,,,,,DSH,19-10-4,,,20-4-10,,,,,InProgress,35%
1204-71-PR-DSH-138,,PROCESS INSTRUMENT DATA SHEET FOR PRESSURE GAUGES (UNIT 71) ,,,,,PR,,,,,,,,,,DSH,19-10-1,,,20-1-20,,,,,InProgress,35%
1204-71-PR-DSH-139,,PROCESS INSTRUMENT DATA SHEET FOR PRESSURE TRANSMITTERS (UNIT 71) ,,,,,PR,,,,,,,,,,DSH,19-10-4,,,20-4-13,,,,,InProgress,35%
1204-71-PR-DSH-140,,PROCESS INSTRUMENT DATA SHEET FOR TEMPERATURE GAUGES (UNIT 71) ,,,,,PR,,,,,,,,,,DSH,19-10-4,,,20-4-10,,,,,InProgress,35%
1204-71-PR-DSH-141,,PROCESS INSTRUMENT DATA SHEET FOR TEMPERATURE TRANSMITTERS (UNIT 71) ,,,,,PR,,,,,,,,,,DSH,19-10-4,,,20-4-10,,,,,InProgress,5%
1204-71-PR-DSH-142,,PROCESS INSTRUMENT DATA SHEET FOR LEVEL SWITCHES (UNIT 71) ,,,,,PR,,,,,,,,,,DSH,19-10-4,,,20-4-14,,,,,InProgress,35%
1204-71-PR-DSH-143,,PROCESS INSTRUMENT DATA SHEET FOR ANALYZERS (UNIT 71) ,,,,,PR,,,,,,,,,,DSH,19-10-7,,,20-4-9,,,,,InProgress,35%
1204-72-PR-DSH-131,,PROCESS INSTRUMENT DATA SHEET FOR CONTROL VALVES (UNIT 72) ,,,,,PR,,,,,,,,,,DSH,19-10-7,,,20-4-8,,,,,InProgress,5%
1204-72-PR-DSH-132,,PROCESS INSTRUMENT DATA SHEET FOR ON / OFF VALVES (UNIT 72),,,,,PR,,,,,,,,,,DSH,19-10-7,,,20-4-8,,,,,InProgress,5%
1204-72-PR-DSH-133,,PROCESS INSTRUMENT DATA SHEET FOR SAFETY VALVES (UNIT 72),,,,,PR,,,,,,,,,,DSH,19-10-7,,,20-4-8,,,,,InProgress,35%
1204-72-PR-DSH-134,,PROCESS INSTRUMENT DATA SHEET FOR BREATHER VALVES (UNIT 72),,,,,PR,,,,,,,,,,DSH,19-10-1,,,20-4-8,,,,,InProgress,5%
1204-72-PR-DSH-135,,PROCESS INSTRUMENT DATA SHEET FOR ORIFICE PLATE AND FLANGES (UNIT 72),,,,,PR,,,,,,,,,,DSH,19-10-1,,,20-4-8,,,,,InProgress,5%
1204-72-PR-DSH-136,,PROCESS INSTRUMENT DATA SHEET FOR LEVEL GAUGES (UNIT 72),,,,,PR,,,,,,,,,,DSH,19-10-1,,,20-4-8,,,,,InProgress,35%
1204-72-PR-DSH-137,,PROCESS INSTRUMENT DATA SHEET FOR LEVEL TRANSMITTERS (UNIT 72),,,,,PR,,,,,,,,,,DSH,19-10-1,,,20-4-8,,,,,InProgress,35%
1204-72-PR-DSH-138,,PROCESS INSTRUMENT DATA SHEET FOR PRESSURE GAUGES (UNIT 72),,,,,PR,,,,,,,,,,DSH,19-10-1,,,20-4-8,,,,,InProgress,35%
1204-72-PR-DSH-139,,PROCESS INSTRUMENT DATA SHEET FOR PRESSURE TRANSMITTERS (UNIT 72),,,,,PR,,,,,,,,,,DSH,19-10-1,,,20-4-8,,,,,InProgress,35%
1204-72-PR-DSH-140,,PROCESS INSTRUMENT DATA SHEET FOR TEMPERATURE GAUGES (UNIT 72),,,,,PR,,,,,,,,,,DSH,19-10-1,,,20-4-8,,,,,InProgress,35%
1204-72-PR-DSH-141,,PROCESS INSTRUMENT DATA SHEET FOR TEMPERATURE TRANSMITTERS (UNIT 72),,,,,PR,,,,,,,,,,DSH,19-10-1,,,20-4-8,,,,,InProgress,5%
1204-72-PR-DSH-142,,PROCESS INSTRUMENT DATA SHEET FOR ANALYZERS (UNIT 72),,,,,PR,,,,,,,,,,DSH,19-10-1,,,20-4-8,,,,,notIssue,0%
1204-06-PR-LST-005,,CATALYST AND CHEMICAL LIST FOR UTILITY UNIT,,,,,PR,,,,,,,,,,LIST,21-5-1,,,21-7-30,,,,,InProgress,90%
1204-22-PR-MNL-001,,OPERATING MANUAL FOR MACHINERY COOLING WATER SYSTEM,,,,,PR,,,,,,,,,,SPEC,20-6-1,,,21-9-1,,,,,notIssue,0%
1204-61-PR-MNL-001,,OPERATING MANUAL FOR NITROGEN (ASU) SYETEM,,,,,PR,,,,,,,,,,SPEC,20-6-1,,,21-9-1,,,,,notIssue,0%
1204-62-PR-MNL-001,,OPERATING MANUAL FOR INSTRUMENT AIR / PLANT AIR SYSTEM,,,,,PR,,,,,,,,,,SPEC,20-6-1,,,21-9-1,,,,,notIssue,0%
1204-63-PR-MNL-001,,OPERATING MANUAL FOR COOLING WATER SYSTEM,,,,,PR,,,,,,,,,,SPEC,20-6-1,,,21-9-1,,,,,notIssue,0%
1204-64-PR-MNL-001,,OPERATING MANUAL FOR WATER POLISHING SYSTEM,,,,,PR,,,,,,,,,,SPEC,20-6-1,,,21-9-1,,,,,notIssue,0%
1204-65-PR-MNL-001,,OPERATING MANUAL FOR FUEL GAS SYSTEM,,,,,PR,,,,,,,,,,SPEC,20-6-1,,,21-9-1,,,,,notIssue,0%
1204-71-PR-MNL-001,,OPERATING MANUAL FOR DAILY METHANOL STORAGE TANKS,,,,,PR,,,,,,,,,,SPEC,20-6-1,,,21-9-1,,,,,notIssue,0%
1204-72-PR-MNL-001,,OPERATING MANUAL FOR CRUDE METHANOL STORAGE TANK,,,,,PR,,,,,,,,,,SPEC,20-6-1,,,21-9-1,,,,,notIssue,0%
1204-10-PR-PID-114,,PIPING & INSTRUMENTATION DIAGRAM UNIT 100- AUTOTHERMAL REFORMER,,,,,PR,,,,,,,,,,EDW,20-6-1,,,20-6-1,,,,,InProgress,80%
1204-10-PR-PID-115,,PIPING & INSTRUMENTATION DIAGRAM UNIT 100- 2nd BOILER & STEAM DRUM,,,,,PR,,,,,,,,,,EDW,20-6-1,,,20-6-1,,,,,InProgress,80%
1204-66-PR-PID-601,,PIPING & INSTRUMENTATION DIAGRAM FOR DIESEL SYSTEM,,,,,PR,,,,,,,,,,EDW,20-6-15,,,20-6-15,,,,,notIssue,0%
1204-40-PR-PID-407,,PIPING & INSTRUMENTATION DIAGRAM UNIT 400- SYNGAS COMPRESSOR TURBINE SURFACE CONDENSER,,,,,PR,,,,,,,,,,EDW,20-7-15,,,20-7-15,,,,,InProgress,80%
1204-40-PR-PID-408,,PIPING & INSTRUMENTATION DIAGRAM UNIT 400- BFW PUMPS TURBINE SURFACE CONDENSER,,,,,PR,,,,,,,,,,EDW,20-7-15,,,20-7-15,,,,,InProgress,80%
1204-10-PR-DSH-125,,DATA SHEET FOR SATURATOR PURGE COOLER (E-1012),,,,,PR,,,,,,,,,,DSH,20-6-23,,,,,,,,notIssue,0%
1204-66-PR-UFD-601,,UTILITY FLOW DIAGRAM FOR DIESEL SYSTEM,,,,,PR,,,,,,,,,,EDW,20-5-1,,,20-5-1,,,,,notIssue,0%
1204-00-PR-LST-013,,OVERALL UTILITY SUMMARY,,,,,PR,,,,,,,,,,LIST,20-3-31,,,20-5-6,,,,,notIssue,0%
1204-00-PR-LST-014,,ALARM SET POINT LIST FOR PROCESS UNIT,,,,,PR,,,,,,,,,,LIST,20-4-9,,,20-5-20,,,,,InProgress,90%
1204-00-PR-LST-015,,CATALYST AND CHEMICAL LIST FOR PROCESS UNIT,,,,,PR,,,,,,,,,,LIST,20-3-26,,,20-5-6,,,,,InProgress,90%
1204-00-PR-DIG-010,,CAUSE AND EFFECT DIAGRAM FOR PROCESS UNIT,,,,,PR,,,,,,,,,,LIST,20-3-23,,,20-4-29,,,,,InProgress,90%
1204-00-PR-MNL-001,,OPERATING & SAFETY MANUAL,,,,,PR,,,,,,,,,,SPEC,20-5-21,,,20-10-7,,,,,notIssue,0%
1204-00-PR-MNL-002,,LABORATORY MANUAL,,,,,PR,,,,,,,,,,SPEC,20-4-21,,,21-9-1,,,,,notIssue,0%
1204-64-PR-TBA-101,,TECHNICAL BID ANALYSIS FOR MIXED BED POLISHER UNIT (PU-6401),,,,,PR,,,,,,,,,,TBA,20-6-16,,,20-7-16,,,,,notIssue,0%
/1204-64-PR-ACT-101VD,,VENDOR DOCUMENT CHECKING FOR MIXED BED POLISHER UNIT (PU-6401),,,,,PR,,,,,,,,,,VDR,20-9-14,,,21-6-10,,,,,notIssue,0%
1204-00-PR-REQ-102,,REQUISITION FOR CATALYST,,,,,PR,,,,,,,,,,REQ,21-2-2,,,21-2-15,,,,,notIssue,0%
1204-00-PR-TBA-102,,TECHNICAL BID ANALYSIS FOR CATALYST,,,,,PR,,,,,,,,,,TBA,21-3-23,,,21-3-29,,,,,notIssue,0%
/1204-00-PR-ACT-102VD,,VENDOR DOCUMENT CHECKING FOR CATALYST,,,,,PR,,,,,,,,,,VDR,21-5-27,,,21-11-3,,,,,notIssue,0%
1204-00-PR-REQ-103,,REQUISITION FOR LABORATORY EQUIPMENTS,,,,,PR,,,,,,,,,,REQ,21-2-2,,,21-2-15,,,,,notIssue,0%
1204-00-PR-TBA-103,,TECHNICAL BID ANALYSIS FOR LABORATORY EQUIPMENTS,,,,,PR,,,,,,,,,,TBA,21-3-23,,,21-4-5,,,,,notIssue,0%
/1204-00-PR-ACT-103VD,,VENDOR DOCUMENT CHECKING FOR LABORATORY EQUIPMENTS,,,,,PR,,,,,,,,,,VDR,21-5-21,,,21-9-17,,,,,notIssue,0%
/1204-61-PR-ACT-104VD,,VENDOR DOCUMENT CHECKING FOR AIR SEPARATION UNIT (ASU) (PU-6101),,,,,PR,,,,,,,,,,VDR,19-12-5,,,22-1-31,,,,,InProgress,74%
/1204-20-PR-ACT-105VD,,VENDOR DOCUMENT CHECKING FOR HYDROGEN RECOVERY UNIT (HRU) (PU-2001),,,,,PR,,,,,,,,,,VDR,20-6-23,,,,,,,,complete,100%
1204-00-PR-REQ-106,,REQUISITION FOR CHEMICALS,,,,,PR,,,,,,,,,,REQ,21-6-9,,,21-6-15,,,,,notIssue,0%
1204-00-PR-TBA-106,,TECHNICAL BID ANALYSIS FOR CHEMICALS,,,,,PR,,,,,,,,,,TBA,21-7-21,,,21-7-22,,,,,notIssue,0%
/1204-00-PR-ACT-106VD,,VENDOR DOCUMENT CHECKING FOR CHEMICALS,,,,,PR,,,,,,,,,,VDR,21-8-10,,,21-10-27,,,,,notIssue,0%
1204-00-PR-REQ-107,,REQUISITION FOR CERAMIC BALLS,,,,,PR,,,,,,,,,,REQ,20-11-11,,,20-11-24,,,,,notIssue,0%
1204-00-PR-TBA-107,,TECHNICAL BID ANALYSIS FOR CERAMIC BALLS,,,,,PR,,,,,,,,,,TBA,21-1-27,,,21-2-16,,,,,notIssue,0%
/1204-00-PR-ACT-107VD,,VENDOR DOCUMENT CHECKING FOR CERAMIC BALLS,,,,,PR,,,,,,,,,,VDR,21-5-19,,,21-9-29,,,,,notIssue,0%
/1204-63-PR-ACT-108VD,,VENDOR DOCUMENT CHECKING FOR COOLING TOWER,,,,,PR,,,,,,,,,,VDR,20-6-23,,,,,,,,complete,100%
1204-83-HS-LST-004,,UTILITY CONSUMPTION LIST FOR FLARE SYSTEM,,,,,HSE,,,,,,,,,,LIST,20-7-15,,,20-7-15,,,,,notIssue,0%
1204-84-HS-DSH-001,,DATA SHEET FOR OILY WATER DIVERTER,,,,,HSE,,,,,,,,,,DSH,19-10-12,,,20-10-10,,,,,notIssue,0%
1204-84-HS-DSH-004,,DATA SHEET FOR CHEMICAL/LABORATORY EFFLUENT PUMP P-8404,,,,,HSE,,,,,,,,,,DSH,19-10-12,,,20-10-10,,,,,notIssue,0%
1204-00-HS-DSH-007,,DATA SHEET FOR COMPRESSORS FOAM SYSTEM,,,,,HSE,,,,,,,,,,DSH,19-10-12,,,20-10-10,,,,,notIssue,0%
1204-00-HS-DSH-015,,DATA SHEET FOR PORTABLE WATER EXTINGUISHER,,,,,HSE,,,,,,,,,,DSH,19-10-12,,,20-10-10,,,,,notIssue,0%
1204-00-HS-SCH-002,,FIRE PROOFING SCHEDULE FOR UTILITY OFFSITE UNITS,,,,,HSE,,,,,,,,,,LIST,20-7-30,,,20-7-30,,,,,notIssue,0%
1204-00-HS-DIG-002,,CAUSE AND EFFECT DIAGRAMS FOR UTILITY OFFSITE UNITS,,,,,HSE,,,,,,,,,,LIST,19-10-1,,,20-8-1,,,,,notIssue,0%
1204-90-HS-DIG-001,,CAUSE AND EFFECT DIAGRAMS FOR BUILDINGS,,,,,HSE,,,,,,,,,,LIST,19-10-1,,,20-8-1,,,,,notIssue,0%
1204-83-HS-DIG-001,,CAUSE AND EFFECT DIAGRAMS FOR FLARE UNIT,,,,,HSE,,,,,,,,,,LIST,19-10-1,,,20-8-1,,,,,notIssue,0%
1204-82-HS-MNL-001,,OPERATING MANUAL FOR FIRE WATER SYSTEM,,,,,HSE,,,,,,,,,,SPEC,20-1-27,,,21-5-27,,,,,notIssue,0%
1204-83-HS-MNL-001,,OPERATING MANUAL FOR FLARE SYSTEM,,,,,HSE,,,,,,,,,,SPEC,20-1-27,,,21-5-27,,,,,notIssue,0%
1204-00-HS-MNL-001,,GENERAL SAFETY MANUAL,,,,,HSE,,,,,,,,,,SPEC,21-5-27,,,21-5-27,,,,,notIssue,0%
1204-00-HS-MNL-002,,SAFETY MATERIAL HANDLING MANUAL,,,,,HSE,,,,,,,,,,SPEC,21-5-27,,,21-5-27,,,,,notIssue,0%
1204-83-HS-BOD-001,,BASIS OF DESIGN FOR FLARE SYSTEM,,,,,HSE,,,,,,,,,,EDW,19-10-1,,,20-6-1,,,,,notIssue,0%
1204-00-HS-TBA-151,,TECHNICAL BID ANALYSIS FOR SPRAY NOZZLE,,,,,HSE,,,,,,,,,,TBA,21-2-16,,,21-2-22,,,,,notIssue,0%
/1204-00-HS-ACT-151VD,,VENDOR DOCUMENT CHECKING (Spray Nozzle),,,,,HSE,,,,,,,,,,VDR,21-3-31,,,21-6-4,,,,,notIssue,0%
1204-00-HS-TBA-152,,TECHNICAL BID ANALYSIS FOR FIRE EXTINGUISHERS,,,,,HSE,,,,,,,,,,TBA,20-10-16,,,20-11-5,,,,,notIssue,0%
/1204-00-HS-ACT-152VD,,VENDOR DOCUMENT CHECKING (Fire Extinguishers),,,,,HSE,,,,,,,,,,VDR,21-1-29,,,21-7-21,,,,,notIssue,0%
1204-00-HS-TBA-153,,TECHNICAL BID ANALYSIS FOR AUTOMATIC CO2/CLEAN AGENT SYSTEM,,,,,HSE,,,,,,,,,,TBA,20-10-26,,,20-11-13,,,,,notIssue,0%
/1204-00-HS-ACT-153VD,,VENDOR DOCUMENT CHECKING (Automatic CO2/Clean agent syst),,,,,HSE,,,,,,,,,,VDR,21-1-11,,,21-6-3,,,,,notIssue,0%
1204-00-HS-TBA-154,,TECHNICAL BID ANALYSIS FOR FOR FIRE AND GAS ALARM DEVICES,,,,,HSE,,,,,,,,,,TBA,20-9-22,,,20-10-12,,,,,notIssue,0%
/1204-00-HS-ACT-154VD,,VENDOR DOCUMENT CHECKING FOR FIRE AND GAS ALARM DEVICES,,,,,HSE,,,,,,,,,,VDR,21-1-5,,,21-6-15,,,,,notIssue,0%
1204-00-HS-TBA-155,,TECHNICAL BID ANALYSIS FOR FIRE FIGHTING EQUIPMENT,,,,,HSE,,,,,,,,,,TBA,20-11-17,,,20-12-7,,,,,notIssue,0%
/1204-00-HS-ACT-155VD,,VENDOR DOCUMENT CHECKING (FIRE FIGHTING EQUIPMENT),,,,,HSE,,,,,,,,,,VDR,21-1-12,,,21-6-8,,,,,notIssue,0%
1204-00-HS-REQ-156,,REQUISITION FOR FOAM SYSTEM,,,,,HSE,,,,,,,,,,REQ,20-7-28,,,20-8-10,,,,,notIssue,0%
1204-00-HS-TBA-156,,TECHNICAL BID ANALYSIS FOR FOAM SYSTEM,,,,,HSE,,,,,,,,,,TBA,20-10-13,,,20-11-2,,,,,notIssue,0%
/1204-00-HS-ACT-156VD,,VENDOR DOCUMENT CHECKING (Foam System),,,,,HSE,,,,,,,,,,VDR,21-1-26,,,21-5-28,,,,,notIssue,0%
1204-00-HS-TBA-157,,TECHNICAL BID ANALYSIS FOR DELUGE VALVES,,,,,HSE,,,,,,,,,,TBA,20-2-11,,,20-3-2,,,,,notIssue,0%
/1204-00-HS-ACT-157VD,,VENDOR DOCUMENT CHECKING (Deluge Valves),,,,,HSE,,,,,,,,,,VDR,20-5-26,,,20-10-29,,,,,notIssue,0%
1204-00-HS-TBA-158,,TECHNICAL BID ANALYSIS FOR SAFETY SHOWER AND EYE WASH,,,,,HSE,,,,,,,,,,TBA,21-2-5,,,21-2-11,,,,,notIssue,0%
/1204-00-HS-ACT-158VD,,VENDOR DOCUMENT CHECKING (Safety Shower and Eye Wash),,,,,HSE,,,,,,,,,,VDR,21-3-12,,,21-5-21,,,,,notIssue,0%
1204-00-HS-REQ-159,,REQUISITION FOR SAFETY SIGNS,,,,,HSE,,,,,,,,,,REQ,20-7-21,,,20-8-3,,,,,notIssue,0%
1204-00-HS-TBA-159,,TECHNICAL BID ANALYSIS FOR SAFETY SIGNS,,,,,HSE,,,,,,,,,,TBA,20-10-6,,,20-10-26,,,,,notIssue,0%
/1204-00-HS-ACT-159VD,,VENDOR DOCUMENT CHECKING (Safety Signs),,,,,HSE,,,,,,,,,,VDR,21-1-19,,,21-6-8,,,,,notIssue,0%
1204-00-PI-SDG-404A,,STANDARD DRAWING FOR SPECIAL PIPING SUPPORT,,,,,PI,,,,,,,,,,SPEC,20-5-1,,,20-5-1,,,,,notIssue,0%
1204-00-PI-ISO-1000,,A/G ISOMETRIC DRAWING OF AREA-10,,,,,PI,,,,,,,,,,CDW,19-10-2,,,20-6-11,,,,,notIssue,0%
1204-20-PI-ISO-2500,, A/G ISOMETRIC DRAWING OF AREA-25,,,,,PI,,,,,,,,,,CDW,19-11-13,,,20-6-11,,,,,notIssue,0%
1204-00-PI-ISO-4100,, A/G ISOMETRIC DRAWING OF AREA-41,,,,,PI,,,,,,,,,,CDW,19-11-13,,,20-6-11,,,,,notIssue,0%
1204-10-PI-ISO-4300,, A/G ISOMETRIC DRAWING OF AREA-43,,,,,PI,,,,,,,,,,CDW,19-11-27,,,20-6-16,,,,,notIssue,0%
1204-10-PI-ISO-4800,, A/G ISOMETRIC DRAWING OF AREA-48,,,,,PI,,,,,,,,,,CDW,19-10-2,,,20-7-3,,,,,notIssue,0%
1204-10-PI-ISO-4900,, A/G ISOMETRIC DRAWING OF AREA-49,,,,,PI,,,,,,,,,,CDW,19-10-2,,,20-7-3,,,,,notIssue,0%
1204-10-PI-ISO-5000,, A/G ISOMETRIC DRAWING OF AREA-50,,,,,PI,,,,,,,,,,CDW,19-10-2,,,20-7-3,,,,,notIssue,0%
1204-00-PI-LST-1000,, A/G ISOMETRIC LIST OF AREA-10,,,,,PI,,,,,,,,,,CDW,19-10-2,,,20-6-11,,,,,notIssue,0%
1204-20-PI-LST-2500,, A/G ISOMETRIC LIST OF AREA-25,,,,,PI,,,,,,,,,,CDW,19-11-13,,,20-6-11,,,,,notIssue,0%
1204-00-PI-LST-4100,, A/G ISOMETRIC LIST OF AREA-41,,,,,PI,,,,,,,,,,CDW,19-11-13,,,20-6-11,,,,,notIssue,0%
1204-10-PI-LST-4300,, A/G ISOMETRIC LIST OF AREA-43,,,,,PI,,,,,,,,,,CDW,19-11-27,,,20-6-16,,,,,notIssue,0%
1204-10-PI-LST-4800,, A/G ISOMETRIC LIST OF AREA-48,,,,,PI,,,,,,,,,,CDW,19-10-2,,,20-7-3,,,,,notIssue,0%
1204-10-PI-LST-4900,, A/G ISOMETRIC LIST OF AREA-49,,,,,PI,,,,,,,,,,CDW,19-10-2,,,20-7-3,,,,,notIssue,0%
1204-10-PI-LST-5000,, A/G ISOMETRIC LIST OF AREA-50,,,,,PI,,,,,,,,,,CDW,19-10-2,,,20-7-3,,,,,notIssue,0%
1204-00-PI-APL-1000,,PIPING PLAN AREA-10,,,,,PI,,,,,,,,,,CDW,19-10-2,,,20-6-11,,,,,InProgress,5%
1204-20-PI-APL-2500,,PIPING PLAN AREA-25,,,,,PI,,,,,,,,,,CDW,19-11-13,,,20-6-11,,,,,InProgress,5%
1204-00-PI-APL-4100,,PIPING PLAN AREA-41,,,,,PI,,,,,,,,,,CDW,19-11-13,,,20-6-11,,,,,notIssue,0%
1204-10-PI-APL-4300,,PIPING PLAN AREA-43,,,,,PI,,,,,,,,,,CDW,19-11-27,,,20-6-16,,,,,notIssue,0%
1204-10-PI-APL-4800,,PIPING PLAN AREA-48,,,,,PI,,,,,,,,,,CDW,19-10-2,,,20-7-3,,,,,notIssue,0%
1204-10-PI-APL-4900,,PIPING PLAN AREA-49,,,,,PI,,,,,,,,,,CDW,19-10-2,,,20-7-3,,,,,notIssue,0%
1204-10-PI-APL-5000,,PIPING PLAN AREA-50,,,,,PI,,,,,,,,,,CDW,19-10-2,,,20-7-3,,,,,notIssue,0%
1204-00-PI-MTO-406A,,MATERIAL TAKE OFF FOR STEAM TRAP (MTO I),,,,,PI,,,,,,,,,,LIST,20-3-1,,,20-3-30,,,,,notIssue,0%
1204-00-PI-MTO-408A,,"MATERIAL TAKE OFF FOR INSULATION MATERIAL (MAY BREAK INTO SEVERAL MATERIAL TAKE OFF SUCH AS CELLULAR GLASS, MINERAL WOOL, ETC.) (MTO I)",,,,,PI,,,,,,,,,,LIST,20-3-1,,,20-3-30,,,,,notIssue,0%
1204-00-PI-MTO-412A,,MATERIAL TAKE OFF FOR SPRING (MTO I),,,,,PI,,,,,,,,,,LIST,20-5-1,,,20-5-25,,,,,notIssue,0%
1204-00-PI-MTO-413A,,MATERIAL TAKE OFF FOR EXPANSION JOINT(METAL AND RUBBER) (MTO I),,,,,PI,,,,,,,,,,LIST,20-6-15,,,20-7-1,,,,,notIssue,0%
1204-00-PI-MTO-414A,,MATERIAL TAKE OFF FOR METAL JACKET (INSULATION COVER) (MTO I),,,,,PI,,,,,,,,,,LIST,20-5-1,,,20-5-25,,,,,notIssue,0%
1204-00-PI-MTO-401B,,MATERIAL TAKE OFF FOR A/G PIPES & FITTINGS (MTO II),,,,,PI,,,,,,,,,,LIST,20-3-6,,,20-4-15,,,,,notIssue,0%
1204-00-PI-MTO-402B,,MATERIAL TAKE OFF FOR A/G FLANGES (MTO II),,,,,PI,,,,,,,,,,LIST,20-3-6,,,20-4-15,,,,,notIssue,0%
1204-00-PI-MTO-403B,,MATERIAL TAKE OFF FOR A/G GASKETS (MTO II),,,,,PI,,,,,,,,,,LIST,20-7-4,,,20-8-10,,,,,notIssue,0%
1204-00-PI-MTO-404B,,MATERIAL TAKE OFF FOR A/G VALVES (MTO II),,,,,PI,,,,,,,,,,LIST,20-5-1,,,20-5-25,,,,,notIssue,0%
1204-00-PI-MTO-405B,,MATERIAL TAKE OFF FOR BOLTS & NUTS (MTO II),,,,,PI,,,,,,,,,,LIST,20-4-1,,,20-4-15,,,,,notIssue,0%
1204-00-PI-MTO-406B,,MATERIAL TAKE OFF FOR STEAM TRAP (MTO II),,,,,PI,,,,,,,,,,LIST,20-6-15,,,20-7-5,,,,,notIssue,0%
1204-00-PI-MTO-407B,,MATERIAL TAKE OFF FOR STRAINER (MTO II),,,,,PI,,,,,,,,,,LIST,20-8-1,,,20-8-10,,,,,notIssue,0%
1204-00-PI-MTO-408B,,MATERIAL TAKE OFF FOR INSULATION MATERIAL  (MTO II),,,,,PI,,,,,,,,,,LIST,20-10-1,,,20-10-26,,,,,notIssue,0%
1204-00-PI-MTO-409B,,MATERIAL TAKE OFF FOR PAINT (MTO II),,,,,PI,,,,,,,,,,LIST,20-4-1,,,20-4-16,,,,,notIssue,0%
1204-00-PI-MTO-410B,,MATERIAL TAKE OFF FOR C.S ELECTRODE & WELDING ROD (MTO II),,,,,PI,,,,,,,,,,LIST,20-5-1,,,20-5-29,,,,,notIssue,0%
1204-00-PI-MTO-411B,,MATERIAL TAKE OFF FOR HOSE & HOSE COUPLING (MTO II),,,,,PI,,,,,,,,,,LIST,20-11-15,,,20-12-1,,,,,notIssue,0%
1204-00-PI-MTO-412B,,MATERIAL TAKE OFF FOR SPRING (MTO II),,,,,PI,,,,,,,,,,LIST,20-9-1,,,20-9-14,,,,,notIssue,0%
1204-00-PI-MTO-413B,,MATERIAL TAKE OFF FOR EXPANSION JOINT( MAY BREAK INTO METAL AND RUBBER) (MTO II),,,,,PI,,,,,,,,,,LIST,20-10-1,,,20-10-26,,,,,notIssue,0%
1204-00-PI-MTO-414B,,MATERIAL TAKE OFF FOR METAL JACKET (INSULATION COVER) (MTO II),,,,,PI,,,,,,,,,,LIST,20-10-1,,,20-10-26,,,,,notIssue,0%
1204-00-PI-MTO-415B,,MATERIAL TAKE OFF FOR  SAMPLE COOLER (MTO II),,,,,PI,,,,,,,,,,LIST,20-11-15,,,20-12-1,,,,,notIssue,0%
1204-00-PI-MTO-416B,,MATERIAL TAKE OFF FOR A.S & S.S ELECTRODE & WELDING ROD (MTO II),,,,,PI,,,,,,,,,,LIST,20-5-1,,,20-5-29,,,,,notIssue,0%
1204-00-PI-MTO-460B,,MATERIAL TAKE OFF FOR COATING AND WRAPPING (MTO II),,,,,PI,,,,,,,,,,LIST,20-2-15,,,20-3-6,,,,,notIssue,0%
1204-00-PI-MTO-461B,,MATERIAL TAKE OFF FOR U/G PIPES & FITTINGS (MTO II),,,,,PI,,,,,,,,,,LIST,20-3-6,,,20-4-15,,,,,notIssue,0%
1204-00-PI-MTO-462B,,MATERIAL TAKE OFF FOR U/G FLANGES (MTO II),,,,,PI,,,,,,,,,,LIST,20-3-6,,,20-4-15,,,,,notIssue,0%
1204-00-PI-MTO-463B,,MATERIAL TAKE OFF FOR U/G GASKETS (MTO II),,,,,PI,,,,,,,,,,LIST,20-3-6,,,20-4-15,,,,,notIssue,0%
1204-00-PI-MTO-464B,,MATERIAL TAKE OFF FOR U/G VALVES (MTO II),,,,,PI,,,,,,,,,,LIST,20-3-6,,,20-4-15,,,,,notIssue,0%
1204-00-PI-MTO-401C,,MATERIAL TAKE OFF FOR PIPES & FITTINGS (MTO III),,,,,PI,,,,,,,,,,LIST,21-4-1,,,21-4-30,,,,,notIssue,0%
1204-00-PI-MTO-402C,,MATERIAL TAKE OFF FOR FLANGES (MTO III),,,,,PI,,,,,,,,,,LIST,21-4-1,,,21-4-30,,,,,notIssue,0%
1204-00-PI-MTO-403C,,MATERIAL TAKE OFF FOR GASKETS (MTO III),,,,,PI,,,,,,,,,,LIST,21-4-1,,,21-4-30,,,,,notIssue,0%
1204-00-PI-MTO-404C,,MATERIAL TAKE OFF FOR VALVES (MTO III),,,,,PI,,,,,,,,,,LIST,21-4-1,,,21-4-30,,,,,notIssue,0%
1204-62-PI-UPL-7500,,UNDER GROUND PIPING PLAN AREA-75,,,,,PI,,,,,,,,,,CDW,19-10-1,,,20-6-8,,,,,InProgress,5%
1204-62-PI-UPL-7700,,UNDER GROUND PIPING PLAN AREA-77,,,,,PI,,,,,,,,,,CDW,19-10-1,,,20-6-8,,,,,InProgress,5%
1204-00-PI-UPL-7900,,UNDER GROUND PIPING PLAN AREA-79,,,,,PI,,,,,,,,,,CDW,19-10-1,,,20-6-8,,,,,notIssue,0%
1204-00-PI-UPL-8100,,PAVING PLAN FOR ASU UNIT,,,,,PI,,,,,,,,,,CDW,20-6-23,,,,,,,,notIssue,0%
1204-62-PI-ISO-7500,, U/G ISOMETRIC DRAWING OF AREA-75,,,,,PI,,,,,,,,,,CDW,20-6-30,,,20-6-30,,,,,notIssue,0%
1204-00-PI-ISO-7600,, U/G ISOMETRIC DRAWING OF AREA-76,,,,,PI,,,,,,,,,,CDW,20-6-30,,,20-6-30,,,,,notIssue,0%
1204-62-PI-ISO-7700,, U/G ISOMETRIC DRAWING OF AREA-77,,,,,PI,,,,,,,,,,CDW,20-6-30,,,20-6-30,,,,,notIssue,0%
1204-00-PI-ISO-7800,, U/G ISOMETRIC DRAWING OF AREA-78,,,,,PI,,,,,,,,,,CDW,20-6-30,,,20-6-30,,,,,notIssue,0%
1204-00-PI-ISO-7900,, U/G ISOMETRIC DRAWING OF AREA-79,,,,,PI,,,,,,,,,,CDW,20-6-30,,,20-6-30,,,,,notIssue,0%
1204-62-PI-LST-7500,, U/G ISOMETRIC LIST OF AREA-75,,,,,PI,,,,,,,,,,CDW,20-6-30,,,20-6-30,,,,,notIssue,0%
1204-00-PI-LST-7600,, U/G ISOMETRIC LIST OF AREA-76,,,,,PI,,,,,,,,,,CDW,20-6-30,,,20-6-30,,,,,notIssue,0%
1204-62-PI-LST-7700,, U/G ISOMETRIC LIST OF AREA-77,,,,,PI,,,,,,,,,,CDW,20-6-30,,,20-6-30,,,,,notIssue,0%
1204-00-PI-LST-7800,, U/G ISOMETRIC LIST OF AREA-78,,,,,PI,,,,,,,,,,CDW,20-6-30,,,20-6-30,,,,,notIssue,0%
1204-00-PI-LST-7900,, U/G ISOMETRIC LIST OF AREA-79,,,,,PI,,,,,,,,,,CDW,20-6-30,,,20-6-30,,,,,notIssue,0%
/1204-00-PI-ACT-401AVD,,VENDOR DOCUMENT CHECKING FOR A/G PIPES & FITTINGS(MTO I),,,,,PI,,,,,,,,,,VDR,20-6-23,,,,,,,,complete,100%
1204-00-PI-TBA-401B,,TECHNICAL BID ANALYSIS FOR A/G PIPES & FITTINGS(MTO II),,,,,PI,,,,,,,,,,TBA,20-5-13,,,20-5-19,,,,,notIssue,0%
/1204-00-PI-ACT-401BVD,,VENDOR DOCUMENT CHECKING FOR A/G PIPES & FITTINGS(MTO II),,,,,PI,,,,,,,,,,VDR,20-7-8,,,20-1-26,,,,,notIssue,0%
1204-00-PI-REQ-401C,,REQUISITION FOR PIPES & FITTINGS(MTO III),,,,,PI,,,,,,,,,,REQ,20-8-10,,,20-8-24,,,,,notIssue,0%
1204-00-PI-TBA-401C,,TECHNICAL BID ANALYSIS FOR PIPES & FITTINGS(MTO III),,,,,PI,,,,,,,,,,TBA,20-10-5,,,20-10-19,,,,,notIssue,0%
/1204-00-PI-ACT-401CVD,,VENDOR DOCUMENT CHECKING FOR PIPES & FITTINGS(MTO III),,,,,PI,,,,,,,,,,VDR,20-11-23,,,21-4-29,,,,,notIssue,0%
/1204-00-PI-ACT-402AVD,,VENDOR DOCUMENT CHECKING FOR A/G FLANGES(MTO I),,,,,PI,,,,,,,,,,VDR,20-6-23,,,,,,,,complete,100%
1204-00-PI-TBA-402B,,TECHNICAL BID ANALYSIS FOR A/G FLANGES(MTO II),,,,,PI,,,,,,,,,,TBA,20-6-4,,,20-6-10,,,,,notIssue,0%
/1204-00-PI-ACT-402BVD,,VENDOR DOCUMENT CHECKING FOR A/G FLANGES(MTO II),,,,,PI,,,,,,,,,,VDR,20-8-6,,,20-1-15,,,,,notIssue,0%
1204-00-PI-REQ-402C,,REQUISITION FOR FLANGES(MTO III),,,,,PI,,,,,,,,,,REQ,20-8-10,,,20-8-17,,,,,notIssue,0%
1204-00-PI-TBA-402C,,TECHNICAL BID ANALYSIS FOR FOR FLANGES(MTO III),,,,,PI,,,,,,,,,,TBA,20-9-21,,,20-9-28,,,,,notIssue,0%
/1204-00-PI-ACT-402CVD,,VENDOR DOCUMENT CHECKING FOR FLANGES(MTO III),,,,,PI,,,,,,,,,,VDR,20-11-3,,,21-3-11,,,,,notIssue,0%
1204-00-PI-REQ-403A,,REQUISITION FOR A/G GASKETS(MTO I),,,,,PI,,,,,,,,,,REQ,20-6-23,,,,,,,,InProgress,90%
/1204-00-PI-ACT-403AVD,,VENDOR DOCUMENT CHECKING FOR A/G GASKETS(MTO I),,,,,PI,,,,,,,,,,VDR,19-10-16,,,20-1-16,,,,,notIssue,0%
1204-00-PI-TBA-403B,,TECHNICAL BID ANALYSIS FOR A/G GASKETS(MTO II),,,,,PI,,,,,,,,,,TBA,20-5-19,,,20-5-25,,,,,notIssue,0%
/1204-00-PI-ACT-403BVD,,VENDOR DOCUMENT CHECKING FOR A/G GASKETS(MTO II),,,,,PI,,,,,,,,,,VDR,20-6-17,,,20-9-25,,,,,notIssue,0%
1204-00-PI-REQ-403C,,REQUISITION FOR GASKETS(MTO III),,,,,PI,,,,,,,,,,REQ,20-8-10,,,20-8-13,,,,,notIssue,0%
1204-00-PI-TBA-403C,,TECHNICAL BID ANALYSIS FOR GASKETS(MTO III),,,,,PI,,,,,,,,,,TBA,20-9-8,,,20-9-15,,,,,notIssue,0%
/1204-00-PI-ACT-403CVD,,VENDOR DOCUMENT CHECKING FOR GASKETS(MTO III),,,,,PI,,,,,,,,,,VDR,20-10-28,,,20-12-17,,,,,notIssue,0%
/1204-00-PI-ACT-404AVD,,VENDOR DOCUMENT CHECKING FOR A/G VALVES(MTO I),,,,,PI,,,,,,,,,,VDR,20-6-23,,,,,,,,complete,100%
1204-00-PI-REQ-404AJ,,REQUISITION FOR A/G VALVES FOR OXYGEN SERVICE(MTO I),,,,,PI,,,,,,,,,,REQ,20-6-23,,,,,,,,complete,100%
1204-00-PI-TBA-404AJ,,TECHNICAL BID ANALYSIS FOR A/G VALVES FOR OXYGEN SERVICE(MTO I),,,,,PI,,,,,,,,,,TBA,20-6-23,,,,,,,,complete,100%
/1204-00-PI-ACT-404AJVD,,VENDOR DOCUMENT CHECKING FOR A/G VALVES FOR OXYGEN SERVICE(MTO I),,,,,PI,,,,,,,,,,VDR,20-6-23,,,,,,,,complete,100%
1204-00-PI-TBA-404B,,TECHNICAL BID ANALYSIS FOR A/G VALVES(MTO II),,,,,PI,,,,,,,,,,TBA,20-7-16,,,20-7-29,,,,,notIssue,0%
/1204-00-PI-ACT-404BVD,,VENDOR DOCUMENT CHECKING FOR A/G VALVES(MTO I),,,,,PI,,,,,,,,,,VDR,20-8-31,,,20-4-17,,,,,notIssue,0%
1204-00-PI-REQ-404C,,REQUISITION FOR VALVES(MTO III),,,,,PI,,,,,,,,,,REQ,20-8-10,,,20-8-24,,,,,notIssue,0%
1204-00-PI-TBA-404C,,TECHNICAL BID ANALYSIS FOR VALVES(MTO III),,,,,PI,,,,,,,,,,TBA,20-9-28,,,20-10-12,,,,,notIssue,0%
/1204-00-PI-ACT-404CVD,,VENDOR DOCUMENT CHECKING FOR VALVES(MTO III),,,,,PI,,,,,,,,,,VDR,20-11-23,,,21-4-9,,,,,notIssue,0%
1204-00-PI-REQ-405A,,REQUISITION FOR  BOLTS & NUTS(MTO I),,,,,PI,,,,,,,,,,REQ,19-10-1,,,19-10-2,,,,,complete,100%
/1204-00-PI-ACT-405AVD,,VENDOR DOCUMENT CHECKING  (BOLTS & NUTS),,,,,PI,,,,,,,,,,VDR,19-12-2,,,20-3-9,,,,,notIssue,0%
1204-00-PI-REQ-405B,,REQUISITION FOR BOLTS & NUTS(MTO II),,,,,PI,,,,,,,,,,REQ,20-4-16,,,20-4-17,,,,,notIssue,0%
1204-00-PI-TBA-405B,,TECHNICAL BID ANALYSIS FOR BOLTS & NUTS(MTO II),,,,,PI,,,,,,,,,,TBA,20-5-18,,,20-5-19,,,,,notIssue,0%
/1204-00-PI-ACT-405BVD,,VENDOR DOCUMENT CHECKING (BOLTS & NUTS),,,,,PI,,,,,,,,,,VDR,20-6-17,,,20-10-2,,,,,notIssue,0%
1204-00-PI-REQ-406A,,REQUISITION FOR STEAM TRAP(MTO I),,,,,PI,,,,,,,,,,REQ,20-4-16,,,20-4-29,,,,,notIssue,0%
1204-00-PI-TBA-406A,,TECHNICAL BID ANALYSIS FOR STEAM TRAP(MTO I),,,,,PI,,,,,,,,,,TBA,20-7-2,,,20-7-22,,,,,notIssue,0%
/1204-00-PI-ACT-406AVD,,VENDOR DOCUMENT CHECKING FOR STEAM TRAP(MTO I),,,,,PI,,,,,,,,,,VDR,20-10-1,,,21-4-9,,,,,notIssue,0%
1204-00-PI-REQ-406B,,REQUISITION FOR STEAM TRAP(MTO II),,,,,PI,,,,,,,,,,REQ,20-7-6,,,20-7-17,,,,,notIssue,0%
1204-00-PI-TBA-406B,,TECHNICAL BID ANALYSIS FOR STEAM TRAP(MTO II),,,,,PI,,,,,,,,,,TBA,20-9-18,,,20-10-9,,,,,notIssue,0%
/1204-00-PI-ACT-406BVD,,VENDOR DOCUMENT CHECKING FOR STEAM TRAP(MTO II),,,,,PI,,,,,,,,,,VDR,20-11-20,,,21-5-28,,,,,notIssue,0%
1204-00-PI-TBA-407A,,TECHNICAL BID ANALYSIS FOR STRAINER(MTO I),,,,,PI,,,,,,,,,,TBA,20-7-2,,,20-7-22,,,,,notIssue,0%
/1204-00-PI-ACT-407AVD,,VENDOR DOCUMENT CHECKING FOR STRAINER(MTO I),,,,,PI,,,,,,,,,,VDR,20-9-21,,,20-5-17,,,,,notIssue,0%
1204-00-PI-REQ-407B,,REQUISITION FOR STRAINER(MTO II),,,,,PI,,,,,,,,,,REQ,20-8-10,,,20-8-24,,,,,notIssue,0%
1204-00-PI-TBA-407B,,TECHNICAL BID ANALYSIS FOR STRAINER(MTO II),,,,,PI,,,,,,,,,,TBA,20-10-26,,,20-11-16,,,,,notIssue,0%
/1204-00-PI-ACT-407BVD,,VENDOR DOCUMENT CHECKING FOR STRAINER(MTO II),,,,,PI,,,,,,,,,,VDR,21-1-25,,,21-5-21,,,,,notIssue,0%
1204-00-PI-REQ-408A,,REQUISITION FOR INSULATION MATERIAL(MTO I),,,,,PI,,,,,,,,,,REQ,20-4-16,,,20-4-17,,,,,notIssue,0%
1204-00-PI-TBA-408A,,TECHNICAL BID ANALYSIS FOR INSULATION MATERIAL(MTO I),,,,,PI,,,,,,,,,,TBA,20-5-20,,,20-5-25,,,,,notIssue,0%
/1204-00-PI-ACT-408AVD,,VENDOR DOCUMENT CHECKING INSULATION MATERIAL(MTO I),,,,,PI,,,,,,,,,,VDR,20-6-19,,,20-9-15,,,,,notIssue,0%
1204-00-PI-REQ-408B,,REQUISITION FOR INSULATION MATERIAL(MTO II),,,,,PI,,,,,,,,,,REQ,20-10-26,,,20-10-27,,,,,notIssue,0%
1204-00-PI-TBA-408B,,TECHNICAL BID ANALYSIS FOR INSULATION MATERIAL(MTO II),,,,,PI,,,,,,,,,,TBA,20-11-27,,,20-12-2,,,,,notIssue,0%
/1204-00-PI-ACT-408BVD,,VENDOR DOCUMENT CHECKING FOR INSULATION MATERIAL(MTO II),,,,,PI,,,,,,,,,,VDR,20-12-29,,,21-4-5,,,,,notIssue,0%
1204-00-PI-REQ-409A,,REQUISITION FOR PAINT(MTO I),,,,,PI,,,,,,,,,,REQ,20-6-23,,,,,,,,notIssue,0%
1204-00-PI-TBA-409A,,TECHNICAL BID ANALYSIS FOR PAINT(MTO I),,,,,PI,,,,,,,,,,TBA,20-6-23,,,,,,,,notIssue,0%
/1204-00-PI-ACT-409AVD,,VENDOR DOCUMENT CHECKING FOR PAINT(MTO I),,,,,PI,,,,,,,,,,VDR,20-6-23,,,,,,,,notIssue,0%
1204-00-PI-REQ-409B,,REQUISITION FOR PAINT(MTO II),,,,,PI,,,,,,,,,,REQ,20-4-16,,,20-4-22,,,,,notIssue,0%
1204-00-PI-TBA-409B,,TECHNICAL BID ANALYSIS FOR PAINT(MTO II),,,,,PI,,,,,,,,,,TBA,20-5-21,,,20-5-27,,,,,notIssue,0%
/1204-00-PI-ACT-409BVD,,VENDOR DOCUMENT CHECKING FOR PAINT(MTO II),,,,,PI,,,,,,,,,,VDR,20-6-15,,,20-8-28,,,,,notIssue,0%
1204-00-PI-REQ-409M,,REQUISITION FOR PAINT MTO (PIPES),,,,,PI,,,,,,,,,,REQ,20-6-23,,,,,,,,notIssue,0%
1204-00-PI-TBA-409M,,TECHNICAL BID ANALYSIS FOR PAINT MTO (PIPES),,,,,PI,,,,,,,,,,TBA,20-6-23,,,,,,,,notIssue,0%
/1204-00-PI-ACT-409MVD,,VENDOR DOCUMENT CHECKING  PAINT MTO (PIPES),,,,,PI,,,,,,,,,,VDR,20-6-23,,,,,,,,notIssue,0%
1204-00-PI-TBA-410A,,TECHNICAL BID ANALYSIS FOR C.S ELECTROD & WELDING ROD(MTO I),,,,,PI,,,,,,,,,,TBA,20-3-18,,,20-3-19,,,,,notIssue,0%
/1204-00-PI-ACT-410AVD,,VENDOR DOCUMENT CHECKING ( C.S Electrod & Welding Rod ),,,,,PI,,,,,,,,,,VDR,20-4-10,,,20-6-1,,,,,notIssue,0%
1204-00-PI-REQ-410B,,REQUISITION FOR C.S ELECTRODE & WELDING ROD(MTO II),,,,,PI,,,,,,,,,,REQ,20-5-29,,,20-6-4,,,,,notIssue,0%
1204-00-PI-TBA-410B,,TECHNICAL BID ANALYSIS FOR C.S ELECTROD & WELDING ROD(MTO II),,,,,PI,,,,,,,,,,TBA,20-7-2,,,20-7-6,,,,,notIssue,0%
/1204-00-PI-ACT-410BVD,,VENDOR DOCUMENT CHECKING ( C.S Electrod &Welding Rod ),,,,,PI,,,,,,,,,,VDR,20-8-10,,,20-10-1,,,,,notIssue,0%
1204-00-PI-TBA-411A,,TECHNICAL BID ANALYSIS FOR HOSE & HOSE COUPLING(MTO I),,,,,PI,,,,,,,,,,TBA,20-4-1,,,20-4-7,,,,,notIssue,0%
/1204-00-PI-ACT-411AVD,,VENDOR DOCUMENT CHECKING FOR HOSE & HOSE COUPLING(MTO I),,,,,PI,,,,,,,,,,VDR,20-5-6,,,20-8-31,,,,,notIssue,0%
1204-00-PI-REQ-411B,,REQUISITION FOR HOSE & HOSE COUPLING(MTO II),,,,,PI,,,,,,,,,,REQ,20-7-9,,,20-7-22,,,,,notIssue,0%
1204-00-PI-TBA-411B,,TECHNICAL BID ANALYSIS FOR HOSE & HOSE COUPLING(MTO II),,,,,PI,,,,,,,,,,TBA,20-8-27,,,20-9-9,,,,,notIssue,0%
/1204-00-PI-ACT-411BVD,,VENDOR DOCUMENT CHECKING FOR HOSE & HOSE COUPLING(MTO II),,,,,PI,,,,,,,,,,VDR,20-10-8,,,21-2-4,,,,,notIssue,0%
1204-00-PI-REQ-412A,,REQUISITION FOR SPRING SUPPORT(MTO I),,,,,PI,,,,,,,,,,REQ,20-7-9,,,20-7-22,,,,,notIssue,0%
1204-00-PI-TBA-412A,,TECHNICAL BID ANALYSIS FOR SPRING SUPPORT(MTO I),,,,,PI,,,,,,,,,,TBA,20-8-14,,,20-8-21,,,,,notIssue,0%
/1204-00-PI-ACT-412AVD,,VENDOR DOCUMENT CHECKING FOR SPRING SUPPORT(MTO I),,,,,PI,,,,,,,,,,VDR,20-9-7,,,20-11-6,,,,,notIssue,0%
1204-00-PI-REQ-412B,,REQUISITION FOR SPRING SUPPORT(MTO II),,,,,PI,,,,,,,,,,REQ,20-12-1,,,20-12-15,,,,,notIssue,0%
1204-00-PI-TBA-412B,,TECHNICAL BID ANALYSIS FOR SPRING SUPPORT(MTO II),,,,,PI,,,,,,,,,,TBA,21-1-7,,,21-1-14,,,,,notIssue,0%
/1204-00-PI-ACT-412BVD,,VENDOR DOCUMENT CHECKING FOR SPRING SUPPORT(MTO I),,,,,PI,,,,,,,,,,VDR,21-1-29,,,21-4-6,,,,,notIssue,0%
1204-00-PI-REQ-413A,,REQUISITION FOR EXPANSION JOINT(MTO I),,,,,PI,,,,,,,,,,REQ,20-5-28,,,20-5-29,,,,,notIssue,0%
1204-00-PI-TBA-413A,,TECHNICAL BID ANALYSIS FOR EXPANSION JOINT(MTO I),,,,,PI,,,,,,,,,,TBA,20-7-13,,,20-7-24,,,,,notIssue,0%
/1204-00-PI-ACT-413AVD,,VENDOR DOCUMENT CHECKINGFOR EXPANSION JOINT(MTO I),,,,,PI,,,,,,,,,,VDR,20-9-9,,,21-1-15,,,,,notIssue,0%
1204-00-PI-REQ-413B,,REQUISITION FOR EXPANSION JOINT(MTO II),,,,,PI,,,,,,,,,,REQ,20-9-14,,,20-9-16,,,,,notIssue,0%
1204-00-PI-TBA-413B,,TECHNICAL BID ANALYSIS FOR EXPANSION JOINT(MTO II),,,,,PI,,,,,,,,,,TBA,20-10-21,,,20-10-28,,,,,notIssue,0%
/1204-00-PI-ACT-413BVD,,VENDOR DOCUMENT CHECKING FOR EXPANSION JOINT(MTO II),,,,,PI,,,,,,,,,,VDR,20-11-13,,,21-4-23,,,,,notIssue,0%
1204-00-PI-REQ-414A,,REQUISITION FOR METAL JACKET FOR INSULATION(MTO I),,,,,PI,,,,,,,,,,REQ,20-7-9,,,20-7-13,,,,,notIssue,0%
1204-00-PI-TBA-414A,,TECHNICAL BID ANALYSIS FOR METAL JACKET FOR INSULATION(MTO I),,,,,PI,,,,,,,,,,TBA,20-8-18,,,20-8-24,,,,,notIssue,0%
/1204-00-PI-ACT-414AVD,,VENDOR DOCUMENT CHECKING FOR METAL JACKET FOR INSULATION(MTO I),,,,,PI,,,,,,,,,,VDR,20-9-10,,,20-12-17,,,,,notIssue,0%
1204-00-PI-REQ-414B,,REQUISITION FOR METAL JACKET FOR INSULATION(MTO II),,,,,PI,,,,,,,,,,REQ,20-10-26,,,20-10-28,,,,,notIssue,0%
1204-00-PI-TBA-414B,,TECHNICAL BID ANALYSIS FOR METAL JACKET FOR INSULATION(MTO II),,,,,PI,,,,,,,,,,TBA,20-12-3,,,20-12-9,,,,,notIssue,0%
/1204-00-PI-ACT-414BVD,,VENDOR DOCUMENT CHECKING FOR METAL JACKET FOR INSULATION(MTO I),,,,,PI,,,,,,,,,,VDR,20-12-28,,,21-4-8,,,,,notIssue,0%
1204-00-PI-TBA-415A,,TECHNICAL BID ANALYSIS FOR SAMPLE COOLER(MTO I),,,,,PI,,,,,,,,,,TBA,20-6-30,,,20-7-2,,,,,notIssue,0%
/1204-00-PI-ACT-415AVD,,VENDOR DOCUMENT CHECKING FOR METAL JACKET FOR INSULATION(MTO I),,,,,PI,,,,,,,,,,VDR,20-7-13,,,20-8-31,,,,,notIssue,0%
1204-00-PI-REQ-415B,,REQUISITION FOR SAMPLE COOLER(MTO II),,,,,PI,,,,,,,,,,REQ,20-10-26,,,20-10-30,,,,,notIssue,0%
1204-00-PI-TBA-415B,,TECHNICAL BID ANALYSIS FOR SAMPLE COOLER(MTO II),,,,,PI,,,,,,,,,,TBA,20-11-25,,,20-11-30,,,,,notIssue,0%
/1204-00-PI-ACT-415BVD,,VENDOR DOCUMENT CHECKING FOR SAMPLE COOLER(MTO II),,,,,PI,,,,,,,,,,VDR,20-12-9,,,21-1-22,,,,,notIssue,0%
1204-00-PI-TBA-416A,,TECHNICAL BID ANALYSIS FOR A.S & S.S ELECTROD & WELDING ROD(MTO I),,,,,PI,,,,,,,,,,TBA,20-4-1,,,20-4-7,,,,,notIssue,0%
/1204-00-PI-ACT-416AVD,,VENDOR DOCUMENT CHECKING ( A.S & S.S Electrod & Welding Rod ),,,,,PI,,,,,,,,,,VDR,20-5-6,,,20-8-31,,,,,notIssue,0%
1204-00-PI-REQ-416B,,REQUISITION FOR A.S & S.S ELECTRODE & WELDING ROD(MTO II),,,,,PI,,,,,,,,,,REQ,20-7-9,,,20-7-22,,,,,notIssue,0%
1204-00-PI-TBA-416B,,TECHNICAL BID ANALYSIS FOR A.S & S.S ELECTROD & WELDING ROD(MTO II),,,,,PI,,,,,,,,,,TBA,20-8-17,,,20-9-9,,,,,notIssue,0%
/1204-00-PI-ACT-416BVD,,VENDOR DOCUMENT CHECKING ( A.S & S.S Electrod & Welding Rod ),,,,,PI,,,,,,,,,,VDR,20-10-8,,,20-2-4,,,,,notIssue,0%
1204-00-PI-TBA-417A,,TECHNICAL BID ANALYSIS FOR PIPE FOR FLARE AND UTILITY LINE(OSBL),,,,,PI,,,,,,,,,,TBA,20-6-23,,,,,,,,notIssue,0%
/1204-00-PI-ACT-417AVD,,VENDOR DOCUMENT CHECKING FOR PIPE FOR FLARE AND UTILITY LINE(OSBL),,,,,PI,,,,,,,,,,VDR,20-6-23,,,,,,,,notIssue,0%
1204-00-PI-TBA-418A,,TECHNICAL BID ANALYSIS for FITTING FOR FLARE AND UTILITY LINE(OSBL),,,,,PI,,,,,,,,,,TBA,20-6-23,,,,,,,,notIssue,0%
/1204-00-PI-ACT-418AVD,,VENDOR DOCUMENT CHECKING for FITTING FOR FLARE AND UTILITY LINE(OSBL),,,,,PI,,,,,,,,,,VDR,20-6-23,,,,,,,,notIssue,0%
1204-00-PI-TBA-419A,,TECHNICAL BID ANALYSIS FOR FLANGE FOR FLARE AND UTILITY LINE(OSBL),,,,,PI,,,,,,,,,,TBA,20-6-23,,,,,,,,notIssue,0%
/1204-00-PI-ACT-419AVD,,VENDOR DOCUMENT CHECKING FOR FLANG FOR FLARE AND UTILITY LINE(OSBL),,,,,PI,,,,,,,,,,VDR,20-6-23,,,,,,,,notIssue,0%
1204-00-PI-TBA-420A,,TECHNICAL BID ANALYSIS FOR GASKET FOR FLARE AND UTILITY LINE(OSBL),,,,,PI,,,,,,,,,,TBA,20-6-23,,,,,,,,notIssue,0%
/1204-00-PI-ACT-420AVD,,VENDOR DOCUMENT CHECKING FOR GASKET FOR FLARE AND UTILITY LINE(OSBL),,,,,PI,,,,,,,,,,VDR,20-6-23,,,,,,,,notIssue,0%
1204-00-PI-TBA-421A,,TECHNICAL BID ANALYSIS FOR BOLT&NUT FOR FLARE AND UTILITY LINE(OSBL),,,,,PI,,,,,,,,,,TBA,20-6-23,,,,,,,,notIssue,0%
/1204-00-PI-ACT-421AVD,,VENDOR DOCUMENT CHECKING FOR  BOLT&NUT FOR FLARE AND UTILITY LINE(OSBL),,,,,PI,,,,,,,,,,VDR,20-6-23,,,,,,,,notIssue,0%
1204-00-PI-TBA-422A,,TECHNICAL BID ANALYSIS FOR PAINT FOR FLARE AND UTILITY LINE(OSBL),,,,,PI,,,,,,,,,,TBA,20-6-23,,,,,,,,notIssue,0%
/1204-00-PI-ACT-422AVD,,VENDOR DOCUMENT CHECKING FOR PAINT FOR FLARE AND UTILITY LINE(OSBL),,,,,PI,,,,,,,,,,VDR,20-6-23,,,,,,,,notIssue,0%
/1204-00-PI-ACT-460AVD,,VENDOR DOCUMENT CHECKING FOR COATING & WRAPPING(MTO I),,,,,PI,,,,,,,,,,VDR,20-6-23,,,,,,,,complete,100%
1204-00-PI-REQ-460B,,REQUISITION FOR COATING & WRAPPING(MTO II),,,,,PI,,,,,,,,,,REQ,20-3-6,,,20-3-12,,,,,notIssue,0%
1204-00-PI-TBA-460B,,TECHNICAL BID ANALYSIS FOR COATING & WRAPPING(MTO II),,,,,PI,,,,,,,,,,TBA,20-4-10,,,20-4-16,,,,,notIssue,0%
/1204-00-PI-ACT-460BVD,,VENDOR DOCUMENT CHECKING FOR COATING & WRAPPING(MTO II),,,,,PI,,,,,,,,,,VDR,20-5-4,,,20-6-18,,,,,notIssue,0%
/1204-00-PI-ACT-461AVD,,VENDOR DOCUMENT CHECKING FOR U/G PIPES & FITTINGS(MTO I),,,,,PI,,,,,,,,,,VDR,20-6-23,,,,,,,,complete,100%
1204-00-PI-REQ-461B,,REQUISITION FOR U/G PIPES & FITTINGS(MTO II),,,,,PI,,,,,,,,,,REQ,20-3-18,,,20-3-24,,,,,notIssue,0%
1204-00-PI-TBA-461B,,TECHNICAL BID ANALYSIS FOR U/G PIPES & FITTINGS(MTOII),,,,,PI,,,,,,,,,,TBA,20-5-13,,,20-5-19,,,,,notIssue,0%
/1204-00-PI-ACT-461BVD,,VENDOR DOCUMENT CHECKING FOR U/G PIPES & FITTINGS(MTO II),,,,,PI,,,,,,,,,,VDR,20-7-8,,,20-1-26,,,,,notIssue,0%
/1204-00-PI-ACT-462AVD,,VENDOR DOCUMENT CHECKING FOR U/G FLANGES(MTO I),,,,,PI,,,,,,,,,,VDR,20-6-23,,,,,,,,complete,100%
1204-00-PI-REQ-462B,,REQUISITION FOR U/G FLANGES(MTOII),,,,,PI,,,,,,,,,,REQ,20-3-18,,,20-3-24,,,,,notIssue,0%
1204-00-PI-TBA-462B,,TECHNICAL BID ANALYSIS FOR U/G FLANGES(MTOII),,,,,PI,,,,,,,,,,TBA,20-5-13,,,20-5-19,,,,,notIssue,0%
/1204-00-PI-ACT-462BVD,,VENDOR DOCUMENT CHECKING FOR U/G FLANGES(MTOII),,,,,PI,,,,,,,,,,VDR,20-7-8,,,20-1-26,,,,,notIssue,0%
/1204-00-PI-ACT-463AVD,,VENDOR DOCUMENT CHECKING FOR U/G GASKETS(MTO I),,,,,PI,,,,,,,,,,VDR,20-6-23,,,,,,,,complete,100%
1204-00-PI-REQ-463B,,REQUISITION FOR U/G GASKETS(MTO II),,,,,PI,,,,,,,,,,REQ,20-3-18,,,20-3-24,,,,,notIssue,0%
1204-00-PI-TBA-463B,,TECHNICAL BID ANALYSIS FOR U/G GASKETS(MTO II),,,,,PI,,,,,,,,,,TBA,20-5-13,,,20-5-19,,,,,notIssue,0%
/1204-00-PI-ACT-463BVD,,VENDOR DOCUMENT CHECKING FOR U/G GASKETS(MTO II),,,,,PI,,,,,,,,,,VDR,20-7-8,,,20-1-26,,,,,notIssue,0%
/1204-00-PI-ACT-464AVD,,VENDOR DOCUMENT CHECKING FOR U/G VALVES(MTO I),,,,,PI,,,,,,,,,,VDR,20-6-23,,,,,,,,complete,100%
1204-00-PI-REQ-464B,,REQUISITION FOR U/G VALVES(MTO II),,,,,PI,,,,,,,,,,REQ,20-3-18,,,20-3-24,,,,,notIssue,0%
1204-00-PI-TBA-464B,,TECHNICAL BID ANALYSIS FOR FOR U/G VALVES(MTO II),,,,,PI,,,,,,,,,,TBA,20-5-13,,,20-5-19,,,,,notIssue,0%
/1204-00-PI-ACT-464BVD,,VENDOR DOCUMENT CHECKING FOR U/G VALVES(MTO II),,,,,PI,,,,,,,,,,VDR,20-7-8,,,20-1-26,,,,,notIssue,0%
/1204-00-PI-ACT-465AVD,,VENDOR DOCUMENT CHECKING ( Bolts & nuts )(U/G),,,,,PI,,,,,,,,,,VDR,20-6-23,,,,,,,,complete,100%
1204-00-PI-REQ-466A,,REQUISITION FOR U/G POLYPROPYLENE ITEMS(MTO I),,,,,PI,,,,,,,,,,REQ,20-6-23,,,,,,,,notIssue,0%
1204-00-PI-REQ-467A,,REQUISITION FOR U/G HDPE ITEMS(MTO I),,,,,PI,,,,,,,,,,REQ,20-6-23,,,,,,,,notIssue,0%
1204-00-HM-ESS-288,,ENGINEERING STANDARD SPECIFICATION FOR AIR COOLED HEAT EXCHANGERS,,,,,MD,,,,,,,,,,SPEC,20-4-30,,,20-4-30,,,,,InProgress,80%
1204-10-PV-DSH-211,,MECHANICAL DATA SHEET FOR 3RD CONDENSATE SEPARATOR (D-1002),,,,,MD,,,,,,,,,,DSH,20-6-23,,,,,,,,notIssue,0%
1204-10-PV-DSH-212,,MECHANICAL DATA SHEET FOR SYNGAS COMPRESSOR SUCTION SEPARATOR (D-1003),,,,,MD,,,,,,,,,,DSH,20-6-23,,,,,,,,notIssue,0%
1204-10-HM-DSH-248,,MECHANICAL DATA SHEET FOR BOTTOM WATER / FUSEL OIL HEATER (E-1001),,,,,MD,,,,,,,,,,DSH,20-6-23,,,,,,,,notIssue,0%
1204-10-HM-DSH-249,,MECHANICAL DATA SHEET FOR WASTE GAS 2ND HEATER (E-1009),,,,,MD,,,,,,,,,,DSH,20-6-23,,,,,,,,notIssue,0%
1204-10-HM-DSH-250,,MECHANICAL DATA SHEET FOR 1ST OEM I WATER HEATER (E-1005),,,,,MD,,,,,,,,,,DSH,20-6-23,,,,,,,,notIssue,0%
1204-10-HM-DSH-251,,MECHANICAL DATA SHEET FOR REFORMED GAS COOLER (E-1006),,,,,MD,,,,,,,,,,DSH,20-6-23,,,,,,,,notIssue,0%
1204-10-HM-DSH-252,,MECHANICAL DATA SHEET FOR SATURATOR BOTTOM HEATER (E-1011),,,,,MD,,,,,,,,,,DSH,20-6-23,,,,,,,,notIssue,0%
1204-10-HM-DSH-253,,MECHANICAL DATA SHEET FOR NATURAL GAS FEED EFFLUENT HEATER (E-1004),,,,,MD,,,,,,,,,,DSH,20-6-23,,,,,,,,notIssue,0%
1204-10-HM-DSH-254,,MECHANICAL DATA SHEET FOR OXYGEN 2ND HEATER (E-1008),,,,,MD,,,,,,,,,,DSH,20-6-23,,,,,,,,notIssue,0%
/1204-00-PV-ACT-201VD,,VENDOR DOCUMENT CHECKING (Reactor),,,,,MD,,,,,,,,,,VDR,20-6-23,,,,,,,,InProgress,99%
/1204-00-PV-ACT-201AVD,,VENDOR DOCUMENT CHECKINGFOR REACTORS,,,,,MD,,,,,,,,,,VDR,19-10-1,,,20-9-15,,,,,InProgress,70%
/1204-00-PV-ACT-201BVD,,VENDOR DOCUMENT CHECKING FOR AUTO THERMAL REACTOR,,,,,MD,,,,,,,,,,VDR,20-6-23,,,,,,,,InProgress,99%
/1204-10-PV-ACT-202FVD,,"VENDOR DOCUMENT CHECKING (STEAM DRUM, STEAM GENERATOR AND STEAM SUPER HEATER PACKAGE)",,,,,MD,,,,,,,,,,VDR,20-4-14,,,21-7-1,,,,,InProgress,88%
1204-10-PV-TBA-202D,,TECHNICAL BID ANALYSIS FOR STEAM DRUMS OF WASTE HEAT BOILER,,,,,MD,,,,,,,,,,TBA,19-12-17,,,20-1-6,,,,,complete,100%
/1204-10-PV-ACT-202DVD,,VENDOR DOCUMENT CHECKING (STEAM DRUMS OF WASTE HEAT BOILER),,,,,MD,,,,,,,,,,VDR,20-4-14,,,21-7-1,,,,,notIssue,0%
1204-10-PV-TBA-202S,,TECHNICAL BID ANALYSIS FOR STEAM SUPER HEATERS AND TRANSFER LINES OF WASTE HEAT BOILER,,,,,MD,,,,,,,,,,TBA,19-12-17,,,20-1-6,,,,,complete,100%
/1204-10-PV-ACT-202SVD,,VENDOR DOCUMENT CHECKING (STEAM SUPER HEATERS AND TRANSFER LINES OF WASTE HEAT BOILER),,,,,MD,,,,,,,,,,VDR,20-4-14,,,21-7-1,,,,,notIssue,0%
/1204-10-PV-ACT-202GVD,,VENDOR DOCUMENT CHECKING FOR STEEL STRUCTURE OF WASTE HEAT BOILER,,,,,MD,,,,,,,,,,VDR,20-4-1,,,20-12-3,,,,,notIssue,0%
/1204-00-PV-ACT-203VD,,VENDOR DOCUMENT CHECKING  FOR DEAERATOR,,,,,MD,,,,,,,,,,VDR,20-6-23,,,,,,,,complete,100%
/1204-00-PV-ACT-204AVD,,VENDOR DOCUMENT CHECKING  ( Pressure Vessels Group I),,,,,MD,,,,,,,,,,VDR,20-6-23,,,,,,,,complete,100%
/1204-00-PV-ACT-204BVD,,VENDOR DOCUMENT CHECKING FOR PRESSURE VESSELS (GROUP II),,,,,MD,,,,,,,,,,VDR,20-6-23,,,,,,,,complete,100%
1204-00-PV-REQ-204C,,REQUISITION FOR PRESSURE VESSEL (GROUP III),,,,,MD,,,,,,,,,,REQ,20-6-23,,,,,,,,complete,100%
/1204-00-PV-ACT-204CVD,,VENDOR DOCUMENT CHECKING FOR PRESSURE VESSEL (GROUP III),,,,,MD,,,,,,,,,,VDR,20-6-23,,,,,,,,InProgress,99%
1204-00-PV-REQ-204D,,REQUISITION FOR PRESSURE VESSELS (GROUP IV),,,,,MD,,,,,,,,,,REQ,20-6-23,,,,,,,,InProgress,90%
/1204-00-PV-ACT-204DVD,,VENDOR DOCUMENT CHECKING FOR PRESSURE VESSELS (GROUP IV),,,,,MD,,,,,,,,,,VDR,20-6-23,,,,,,,,InProgress,99%
1204-00-PV-TBA-205A,,TECHNICAL BID ANALYSIS FOR PACKING & TRAYS & INTERNALS & DEMISTERS,,,,,MD,,,,,,,,,,TBA,20-6-23,,,,,,,,complete,100%
/1204-00-PV-ACT-205AVD,,VENDOR DOCUMENT CHECKING FOR PACKING & TRAYS & INTERNALS & DEMISTERS,,,,,MD,,,,,,,,,,VDR,20-6-23,,,,,,,,complete,100%
/1204-00-PV-ACT-205BVD,,VENDOR DOCUMENT CHECKING FOR INTERNALS (GROUP II),,,,,MD,,,,,,,,,,VDR,20-3-11,,,21-10-21,,,,,notIssue,0%
1204-00-PV-REQ-206A,,REQUISITION FOR COLUMNS (GROUP I),,,,,MD,,,,,,,,,,REQ,20-6-23,,,,,,,,complete,100%
/1204-00-PV-ACT-206AVD,,VENDOR DOCUMENT CHECKING FOR COLUMNS (GROUP I),,,,,MD,,,,,,,,,,VDR,20-6-23,,,,,,,,complete,100%
/1204-00-PV-ACT-206BVD,,VENDOR DOCUMENT CHECKING FOR SPECIAL COLUMNS (GROUP II),,,,,MD,,,,,,,,,,VDR,20-6-23,,,,,,,,complete,100%
1204-00-PV-DSH-210,,DATA SHEET FOR FLARE STACK,,,,,MD,,,,,,,,,,DSH,20-6-23,,,,,,,,notIssue,0%
/1204-00-PV-ACT-210VD,,VENDOR DOCUMENT CHECKING FOR FLARE STACK,,,,,MD,,,,,,,,,,VDR,20-4-20,,,21-2-23,,,,,notIssue,0%
1204-00-PV-TBA-213A,,TECHNICAL BID ANALYSIS FOR CARBON STEEL STORAGE TANKS,,,,,MD,,,,,,,,,,TBA,20-6-23,,,,,,,,complete,100%
/1204-00-PV-ACT-213AVD,,VENDOR DOCUMENT CHECKING FOR CARBON STEEL STORAGE TANKS,,,,,MD,,,,,,,,,,VDR,20-6-23,,,,,,,,InProgress,99%
1204-00-PV-REQ-213B,,REQUISITION FOR STAINLESS STEEL STORAGE TANKS,,,,,MD,,,,,,,,,,REQ,20-6-23,,,,,,,,complete,100%
1204-00-PV-TBA-213B,,TECHNICAL BID ANALYSIS FOR STAINLESS STEEL STORAGE TANKS,,,,,MD,,,,,,,,,,TBA,20-6-23,,,,,,,,complete,100%
/1204-00-PV-ACT-213BVD,,VENDOR DOCUMENT CHECKINGFOR STAINLESS STEEL STORAGE TANKS,,,,,MD,,,,,,,,,,VDR,20-4-13,,,21-2-18,,,,,InProgress,40%
/1204-00-PV-ACT-214AVD,,VENDOR DOCUMENT CHECKING FOR TANK ACCESSORIES,,,,,MD,,,,,,,,,,VDR,20-6-23,,,,,,,,complete,100%
/1204-00-PV-ACT-214BVD,,VENDOR DOCUMENT CHECKING FOR TANK SEALING SYSTEM,,,,,MD,,,,,,,,,,VDR,20-10-28,,,21-3-5,,,,,notIssue,0%
/1204-00-PV-ACT-220AVD,,VENDOR DOCUMENT CHECKING FOR SILENCERS,,,,,MD,,,,,,,,,,VDR,20-6-11,,,20-10-21,,,,,notIssue,0%
1204-00-PV-TBA-231B,,TECHNICAL BID ANALYSIS FOR LADDER AND PLATFORMS,,,,,MD,,,,,,,,,,TBA,20-6-23,,,,,,,,complete,100%
/1204-00-PV-ACT-231BVD,,VENDOR DOCUMENT CHECKING FOR LADDER AND PLATFORMS,,,,,MD,,,,,,,,,,VDR,20-6-23,,,,,,,,InProgress,99%
1204-00-PV-REQ-231C,,REQUISITION FOR LADDER AND PLATFORMS,,,,,MD,,,,,,,,,,REQ,20-6-23,,,,,,,,notIssue,0%
1204-00-PV-TBA-231C,,TECHNICAL BID ANALYSIS FOR LADDER AND PLATFORMS,,,,,MD,,,,,,,,,,TBA,20-6-23,,,,,,,,notIssue,0%
/1204-00-PV-ACT-231CVD,,VENDOR DOCUMENT CHECKING FOR LADDER AND PLATFORMS,,,,,MD,,,,,,,,,,VDR,20-6-23,,,,,,,,InProgress,50%
1204-00-HM-REQ-251,,REQUSITION FOR PRIMARY REFORMER PACKAGE,,,,,MD,,,,,,,,,,REQ,20-6-23,,,,,,,,complete,100%
1204-00-HM-TBA-251,,TECHNICAL BID ANALYSIS FOR  PRIMARY REFORMER PACKAGE,,,,,MD,,,,,,,,,,TBA,20-6-23,,,,,,,,complete,100%
/1204-00-HM-ACT-251VD,,VENDOR DOCUMENT CHECKING FOR  PRIMARY REFORMER PACKAGE,,,,,MD,,,,,,,,,,VDR,20-5-30,,,20-5-30,,,,,InProgress,78%
/1204-10-HM-ACT-251BVD,,VENDOR DOCUMENT CHECKING FOR STEEL WORK SUPPLY AND SHOP PREFABRICATION (FURNACE),,,,,MD,,,,,,,,,,VDR,20-6-23,,,,,,,,InProgress,85%
/1204-10-HM-ACT-251CVD,,"VENDOR DOCUMENT CHECKING FOR CONVECTION COILS FABRICATION , MODULARIZATION& FINING AND CAST PARTS SUPPLY OF CONVECTION SECTION TUBE SHEETS",,,,,MD,,,,,,,,,,VDR,20-3-5,,,21-4-30,,,,,InProgress,19%
/1204-10-HM-ACT-251DVD,,"VENDOR DOCUMENT CHECKING FOR REFORMER INLET AND OUTLET LINES, COLD COLLECTOR & TRANSFER LINE INCLUDING REFRACTORYMATERIAL SUPPLY AND INSTALLATION",,,,,MD,,,,,,,,,,VDR,20-4-24,,,20-12-30,,,,,InProgress,6%
1204-10-HM-REQ-251E,,REQUSITION FOR EXPANSION JOINTS OF PRIMARY REFORMER PACKAGE,,,,,MD,,,,,,,,,,REQ,20-4-14,,,20-4-28,,,,,InProgress,90%
/1204-10-HM-ACT-251EVD,,VENDOR DOCUMENT CHECKING FOR EXPANSION JOINTS OF PRIMARY REFORMER PACKAGE INSTALLATION,,,,,MD,,,,,,,,,,VDR,20-10-27,,,21-4-28,,,,,InProgress,10%
1204-10-HM-TBA-251R,,TECHNICAL BID ANALYSIS FOR SUPPLY OF REFRACTORIES FOR PRIMARY REFORMER PACKAGE (INCLUDING ANCHORS AND DESIGN/LAYOUT DRAWINGS),,,,,MD,,,,,,,,,,TBA,20-8-25,,,20-9-14,,,,,notIssue,0%
/1204-10-HM-ACT-251RVD,,VENDOR DOCUMENT CHECKING FOR SUPPLY OF REFRACTORIES FOR PRIMARY REFORMER PACKAGE (INCLUDING ANCHORS AND DESIGN/LAYOUT DRAWINGS),,,,,MD,,,,,,,,,,VDR,20-12-8,,,20-4-26,,,,,notIssue,0%
1204-00-HM-REQ-253A,,REQUISITION FOR AIR COOLED HEAT EXCHANGER,,,,,MD,,,,,,,,,,REQ,20-6-23,,,,,,,,complete,100%
/1204-00-HM-ACT-253AVD,,VENDOR DOCUMENT CHECKING FOR AIR COOLED HEAT EXCHANGERS,,,,,MD,,,,,,,,,,VDR,20-6-23,,,,,,,,complete,100%
/1204-00-HM-ACT-254VD,,VENDOR DOCUMENT CHECKING FOR AUXILIARY WATER TUBE BOILER,,,,,MD,,,,,,,,,,VDR,20-5-1,,,20-5-1,,,,,InProgress,88%
/1204-00-HM-ACT-256AVD,,VENDOR DOCUMENT CHECKING FOR COOLING WATER SIDE STREAM FILTERS,,,,,MD,,,,,,,,,,VDR,20-4-30,,,20-11-20,,,,,notIssue,0%
1204-00-HM-TBA-256B,,TECHNICAL BID ANALYSIS FOR FILTERS,,,,,MD,,,,,,,,,,TBA,20-7-14,,,20-8-3,,,,,notIssue,0%
/1204-00-HM-ACT-256BVD,,VENDOR DOCUMENT CHECKING FOR FILTERS,,,,,MD,,,,,,,,,,VDR,20-11-10,,,21-5-7,,,,,notIssue,0%
1204-00-HM-REQ-257A,,REQUISITION FOR SHELL & TUBE HEAT EXCHANGERS (GROUP I),,,,,MD,,,,,,,,,,REQ,20-6-23,,,,,,,,complete,100%
/1204-00-HM-ACT-257AVD,,VENDOR DOCUMENT CHECKING FOR SHELL & TUBE HEAT EXCHANGERS (GROUP I),,,,,MD,,,,,,,,,,VDR,20-6-23,,,,,,,,complete,100%
/1204-00-HM-ACT-257BVD,,VENDOR DOCUMENT CHECKING FOR SHELL & TUBE HEAT EXCHANGERS (GROUP II),,,,,MD,,,,,,,,,,VDR,20-6-23,,,,,,,,InProgress,99%
1204-20-HM-DSH-231,,MECHANICAL DATA SHEET FOR CONVERTER FEED / EFFLUENT EXCHANGER (E-2001A/B),,,,,MD,,,,,,,,,,DSH,20-6-23,,,,,,,,InProgress,5%
1204-20-HM-DSH-232,,MECHANICAL DATA SHEET FOR CONVERTER EFFLUENT / NG EXCHANGER (E-2002),,,,,MD,,,,,,,,,,DSH,20-6-23,,,,,,,,InProgress,5%
1204-20-HM-DSH-236,,MECHANICAL DATA SHEET FOR SECOND DEMIWATER HEATER (E-2006),,,,,MD,,,,,,,,,,DSH,20-6-23,,,,,,,,InProgress,5%
1204-30-HM-DSH-244,,MECHANICAL DATA SHEET FOR SECOND BFW PREHEATER (E-3010A/B),,,,,MD,,,,,,,,,,DSH,20-6-23,,,,,,,,InProgress,35%
1204-30-HM-DSH-245,,MECHANICAL DATA SHEET FOR FIRST BFW PREHEATER (E-3011),,,,,MD,,,,,,,,,,DSH,20-6-23,,,,,,,,InProgress,35%
1204-00-HM-REQ-257C,,REQUISITION FOR SHELL & TUBE HEAT EXCHANGERS (GROUP III),,,,,MD,,,,,,,,,,REQ,20-6-23,,,,,,,,InProgress,90%
/1204-00-HM-ACT-257CVD,,VENDOR DOCUMENT CHECKING FOR SHELL & TUBE HEAT EXCHANGERS (GROUP III),,,,,MD,,,,,,,,,,VDR,20-6-23,,,,,,,,InProgress,99%
/1204-00-HM-ACT-260VD,,VENDOR DOCUMENT CHECKING FOR DOUBLE PIPE HEAT EXCHANGERS,,,,,MD,,,,,,,,,,VDR,20-4-22,,,21-2-10,,,,,notIssue,0%
1204-00-HM-TBA-261A,,TECHNICAL BID ANALYSIS FOR PLATE TYPE HEAT EXCHANGER,,,,,MD,,,,,,,,,,TBA,20-5-5,,,20-5-25,,,,,notIssue,0%
/1204-00-HM-ACT-261AVD,,VENDOR DOCUMENT CHECKING FOR PLATE TYPE HEAT EXCHANGER,,,,,MD,,,,,,,,,,VDR,20-8-17,,,21-5-21,,,,,notIssue,0%
1204-00-MC-MSS-001,,MATERIAL STANDARD SPECIFICATION FOR CENTRIFUGAL COMPRESSORS,,,,,MC,,,,,,,,,,SPEC,20-4-20,,,20-4-20,,,,,InProgress,80%
1204-00-MC-MSS-011,,MATERIAL STANDARD SPECIFICATION FOR EJECTOR SYSTEMS,,,,,MC,,,,,,,,,,SPEC,19-10-7,,,20-4-20,,,,,notIssue,0%
/1204-00-RE-ACT-301VD,,VENDOR DOCUMENT CHECKING Centrifugal Compressor,,,,,MC,,,,,,,,,,VDR,20-3-31,,,22-1-5,,,,,InProgress,51%
1204-00-RE-REQ-302,,REQUISITION FOR N2 CIRCULATOR COMPRESSOR,,,,,MC,,,,,,,,,,REQ,20-6-23,,,,,,,,InProgress,90%
/1204-00-RE-ACT-302VD,,VENDOR DOCUMENT CHECKING FOR N2 CIRCULATOR COMPRESSOR,,,,,MC,,,,,,,,,,VDR,20-6-1,,,21-3-19,,,,,notIssue,0%
1204-00-RE-TBA-304,,TECHNICAL BID ANALYSIS FOR EMERGENCY AIR COMPRESSOR,,,,,MC,,,,,,,,,,TBA,20-6-23,,,,,,,,notIssue,0%
/1204-00-RE-ACT-304VD,,VENDOR DOCUMENT CHECKING FOR Emergency Air Compressor,,,,,MC,,,,,,,,,,VDR,20-6-23,,,,,,,,notIssue,0%
1204-40-RE-DSH-031,,DATA SHEET FOR STEAM TURBINE FOR HP BOILER FEED WATER PUMPS (PT-4001 A/B),,,,,MC,,,,,,,,,,DSH,20-6-23,,,,,,,,InProgress,80%
/1204-00-RE-ACT-307AVD,,VENDOR DOCUMENT CHECKING FOR Process Centrifugal Pumps,,,,,MC,,,,,,,,,,VDR,19-12-24,,,21-2-18,,,,,InProgress,95%
1204-40-RE-DSH-048,,DATA SHEET FOR CONDENSATE PUMPS FOR AE-6301 (P-6302 A/B),,,,,MC,,,,,,,,,,DSH,20-6-23,,,,,,,,InProgress,35%
/1204-00-RE-ACT-307BVD,,VENDOR DOCUMENT CHECKING FOR Process Centrifugal Pumps,,,,,MC,,,,,,,,,,VDR,20-4-9,,,20-6-19,,,,,InProgress,5%
1204-00-RE-REQ-327,,REQUISITION FOR CHEMICAL INJECTION PACKAGES,,,,,MC,,,,,,,,,,REQ,20-7-7,,,20-7-13,,,,,InProgress,5%
1204-00-RE-TBA-327,,TECHNICAL BID ANALYSIS FOR CHEMICAL INJECTION PACKAGES,,,,,MC,,,,,,,,,,TBA,20-9-1,,,20-9-21,,,,,notIssue,0%
/1204-00-RE-ACT-327VD,,VENDOR DOCUMENT CHECKING FOR Chemical Injection Packages,,,,,MC,,,,,,,,,,VDR,20-12-8,,,21-6-18,,,,,notIssue,0%
1204-00-RE-DSH-322,,DATA SHEETS FOR EMERGENCY DIESEL GENERATOR,,,,,MC,,,,,,,,,,DSH,20-6-23,,,,,,,,notIssue,0%
1204-00-RE-REQ-322,,REQUISITION FOR EMERGENCY DIESEL GENERATOR,,,,,MC,,,,,,,,,,REQ,20-5-27,,,20-6-9,,,,,notIssue,0%
1204-00-RE-TBA-322,,TECHNICAL BID ANALYSIS FOR EMERGENCY DIESEL GENERATOR,,,,,MC,,,,,,,,,,TBA,20-7-28,,,20-8-18,,,,,notIssue,0%
/1204-00-RE-ACT-322VD,,VENDOR DOCUMENT CHECKING FOR Emergency Diesel Generator,,,,,MC,,,,,,,,,,VDR,20-11-24,,,21-7-7,,,,,notIssue,0%
1204-00-RE-DSH-326,,DATA SHEETS FOR CRANES,,,,,MC,,,,,,,,,,DSH,20-6-23,,,,,,,,notIssue,0%
1204-00-RE-TBA-326,,TECHNICAL BID ANALYSIS FOR CRANES,,,,,MC,,,,,,,,,,TBA,20-9-22,,,20-10-12,,,,,notIssue,0%
/1204-00-RE-ACT-326VD,,VENDOR DOCUMENT CHECKING FOR Cranes,,,,,MC,,,,,,,,,,VDR,21-1-5,,,21-6-15,,,,,notIssue,0%
1204-00-RE-REQ-332,,REQUISITION FOR LUBRICANTS,,,,,MC,,,,,,,,,,REQ,20-6-8,,,20-6-14,,,,,notIssue,0%
1204-00-RE-TBA-332,,TECHNICAL BID ANALYSIS FOR LUBRICANTS,,,,,MC,,,,,,,,,,TBA,21-7-13,,,21-7-19,,,,,notIssue,0%
/1204-00-RE-ACT-332VD,,VENDOR DOCUMENT CHECKING FOR Lubricants,,,,,MC,,,,,,,,,,VDR,21-8-12,,,21-10-15,,,,,notIssue,0%
1204-00-ST-MTO-782,,MATERIAL TAKE OFF FOR INTERCONNECTION CONCRETE CABLE TRENCH ,,,,,ST,,,,,,,,,,LIST,20-5-30,,,20-5-30,,,,,notIssue,0%
1204-00-ST-MTO-1114,,MATERIAL TAKE OFF FOR RETAINING WALL (EAST),,,,,ST,,,,,,,,,,LIST,20-5-30,,,20-5-30,,,,,notIssue,0%
1204-00-ST-DWG-173,,PIPE BRIDGE “ I “ / STEEL STRUCTURE (ELEVATION & DETS.),,,,,ST,,,,,,,,,,CDW,20-6-23,,,,,,,,notIssue,0%
1204-00-ST-DWG-180,,PIPE BRIDGE “ II “ / FDN. (G.A. & R.C.),,,,,ST,,,,,,,,,,CDW,20-2-17,,,20-2-17,,,,,notIssue,0%
1204-00-ST-DWG-181,,"PIPE BRIDGE "" II "" / STEEL STRUCTURE (PLAN & DETS.)",,,,,ST,,,,,,,,,,CDW,20-2-17,,,20-2-17,,,,,notIssue,0%
1204-00-ST-DWG-182,,PIPE BRIDGE “ II “ / STEEL STRUCTURE (ELEVATION & DETS.),,,,,ST,,,,,,,,,,CDW,20-2-17,,,20-2-17,,,,,notIssue,0%
1204-00-ST-DWG-774,,OVERALL LAYOUT / SITE FINISHING,,,,,ST,,,,,,,,,,CDW,20-12-30,,,20-12-30,,,,,notIssue,0%
1204-00-ST-DWG-775,,SITE PREPARATION ,,,,,ST,,,,,,,,,,CDW,20-12-30,,,20-12-30,,,,,notIssue,0%
1204-10-ST-DWG-104,,ACCESS PLATFORM FOR D-1001 /STEEL STRUCTURE,,,,,ST,,,,,,,,,,CDW,20-6-23,,,,,,,,notIssue,0%
1204-10-ST-DWG-119,,E-1007 / FDN. (G.A. & R.C.),,,,,ST,,,,,,,,,,CDW,20-4-30,,,20-4-30,,,,,notIssue,0%
1204-10-ST-DWG-1237,,"STRUCTURE ""N"" FOR ACCESS TO P-2002 A&B / FDN. (G.A. & R.C.)",,,,,ST,,,,,,,,,,CDW,21-3-10,,,21-3-10,,,,,notIssue,0%
1204-10-ST-DWG-1238,,"STRUCTURE ""N"" FOR ACCESS TO P-2002 A&B / STEEL STRUCTURE (PLAN & DETS.)",,,,,ST,,,,,,,,,,CDW,21-3-10,,,21-3-10,,,,,notIssue,0%
1204-10-ST-DWG-1239,,"STRUCTURE ""N"" FOR ACCESS TO P-2002 A&B / STEEL STRUCTURE (ELEVATION & DETS.)",,,,,ST,,,,,,,,,,CDW,21-3-10,,,21-3-10,,,,,notIssue,0%
1204-10-ST-DWG-1252,,"STRUCTURE ""S"" FOR E-1005 & 6 , SIL-4003 & 4 / FDN. (G.A. & R.C.)",,,,,ST,,,,,,,,,,CDW,21-3-10,,,21-3-10,,,,,notIssue,0%
1204-10-ST-DWG-1253,,"STRUCTURE ""S"" FOR E-1005 & 6 , SIL-4003 & 4 / CONCRETE  STRUCTURE (G.A. PLAN & DETS.)",,,,,ST,,,,,,,,,,CDW,21-3-10,,,21-3-10,,,,,notIssue,0%
1204-10-ST-DWG-1254,,"STRUCTURE ""S"" FOR E-1005 & 6 , SIL-4003 & 4 / CONCRETE  STRUCTURE (R.C. DETAILS I )",,,,,ST,,,,,,,,,,CDW,21-3-10,,,21-3-10,,,,,notIssue,0%
1204-10-ST-DWG-1255,,"STRUCTURE ""S"" FOR E-1005 & 6 , SIL-4003 & 4 / CONCRETE  STRUCTURE (R.C. DETAILS II )",,,,,ST,,,,,,,,,,CDW,21-3-10,,,21-3-10,,,,,notIssue,0%
1204-10-ST-DWG-1256,,"STRUCTURE ""S"" FOR E-1005 & 6 , SIL-4003 & 4 / STEEL STRUCTURE (PLAN & DETS.)",,,,,ST,,,,,,,,,,CDW,21-3-10,,,21-3-10,,,,,notIssue,0%
1204-10-ST-DWG-1257,,"STRUCTURE  S"" FOR E-1005 & 6 , SIL-4003 & 4 / STEEL STRUCTURE (ELEVATION & DETS.)",,,,,ST,,,,,,,,,,CDW,21-3-10,,,21-3-10,,,,,notIssue,0%
1204-10-ST-DWG-1258,,"STRUCTURE ""S"" FOR E-1005 & 6 , SIL-4003 & 4 / STEEL STRUCTURE (STAIR)",,,,,ST,,,,,,,,,,CDW,21-3-10,,,21-3-10,,,,,notIssue,0%
1204-00-ST-DWG-217,,T-SUPPORTS (TP-1901 TO TP-1905 & TP-2001)/ FDN.(G.A. & R.C. DETAILS),,,,,ST,,,,,,,,,,DWG,20-4-30,,,20-4-30,,,,,InProgress,60%
1204-00-ST-DWG-218,,T-SUPPORTS (TP-1901 TO TP-1905 & TP-2001)/ STEEL PARTS,,,,,ST,,,,,,,,,,DWG,20-4-30,,,20-4-30,,,,,InProgress,60%
1204-20-ST-DWG-228,,FT-2001A/B / FDN. (G.A. & R.C.),,,,,ST,,,,,,,,,,CDW,20-5-20,,,20-5-20,,,,,notIssue,0%
1204-20-ST-MTO-230,,MATERIAL TAKE OFF FOR FT-2001 A/B,,,,,ST,,,,,,,,,,LIST,20-5-20,,,20-5-20,,,,,notIssue,0%
1204-20-ST-DWG-232,,P-2001 / FDN. (G.A. & R.C.),,,,,ST,,,,,,,,,,CDW,20-5-5,,,20-5-30,,,,,notIssue,0%
1204-20-ST-MTO-234,,MATERIAL TAKE OFF FOR P-2001 ,,,,,ST,,,,,,,,,,LIST,20-5-5,,,20-5-30,,,,,notIssue,0%
1204-20-ST-DWG-236,,P-2002 A/B / FDN. (G.A. & R.C.),,,,,ST,,,,,,,,,,CDW,20-3-31,,,20-5-26,,,,,notIssue,0%
1204-20-ST-MTO-238,,MATERIAL TAKE OFF FOR P-2002 A/B,,,,,ST,,,,,,,,,,LIST,20-3-1,,,20-5-26,,,,,notIssue,0%
1204-20-ST-DWG-240,,P-2003 A/B / FDN. (G.A. & R.C.),,,,,ST,,,,,,,,,,CDW,20-3-31,,,20-5-26,,,,,notIssue,0%
1204-20-ST-MTO-242,,MATERIAL TAKE OFF FOR P-2003 A/B,,,,,ST,,,,,,,,,,LIST,20-3-31,,,20-5-26,,,,,notIssue,0%
1204-20-ST-DWG-245,,C-2001 / CONCRETE STRUCTURE,,,,,ST,,,,,,,,,,CDW,20-6-30,,,20-6-30,,,,,notIssue,0%
1204-20-ST-MTO-247,,MATERIAL TAKE OFF FOR C-2001 ,,,,,ST,,,,,,,,,,LIST,20-6-30,,,20-6-30,,,,,notIssue,0%
1204-20-ST-DWG-250,,C-2002 / CONCRETE STRUCTURE,,,,,ST,,,,,,,,,,CDW,20-6-30,,,20-6-30,,,,,notIssue,0%
1204-20-ST-MTO-267,,MATERIAL TAKE OFF FOR E-2004,,,,,ST,,,,,,,,,,LIST,20-9-9,,,20-10-19,,,,,notIssue,0%
1204-20-ST-MTO-252,,MATERIAL TAKE OFF FOR C-2002 ,,,,,ST,,,,,,,,,,LIST,20-6-23,,,,,,,,notIssue,0%
1204-20-ST-DWG-254,,COMPRESSOR SHELTER (UNIT 20) / FDN. (G.A. & R.C.),,,,,ST,,,,,,,,,,CDW,20-7-10,,,20-7-10,,,,,notIssue,0%
1204-20-ST-DWG-255,,COMPRESSOR SHELTER (UNIT 20) / STEEL STRUCTURE (PLAN),,,,,ST,,,,,,,,,,CDW,20-7-10,,,20-7-10,,,,,notIssue,0%
1204-20-ST-DWG-256,,COMPRESSOR SHELTER (UNIT 20) / STEEL STRUCTURE (ELEVATION),,,,,ST,,,,,,,,,,CDW,20-7-10,,,20-7-10,,,,,notIssue,0%
1204-20-ST-DWG-257,,COMPRESSOR SHELTER (UNIT 20) / STEEL STRUCTURE (DETAILS),,,,,ST,,,,,,,,,,CDW,20-7-10,,,20-7-10,,,,,notIssue,0%
1204-20-ST-MTO-259,,MATERIAL TAKE OFF FOR COMPRESSOR SHELTER (UNIT 20),,,,,ST,,,,,,,,,,LIST,20-7-10,,,20-7-10,,,,,notIssue,0%
1204-20-ST-MTO-263,,MATERIAL TAKE OFF FOR PU-2001(HRU),,,,,ST,,,,,,,,,,CDW,20-6-23,,,,,,,,notIssue,0%
1204-20-ST-DWG-1247,,"STRUCTURE ""P"" FOR ACCESS TO P-2003 A&B / FDN. (G.A. & R.C.)",,,,,ST,,,,,,,,,,CDW,21-3-10,,,21-3-10,,,,,notIssue,0%
1204-20-ST-DWG-1248,,"STRUCTURE ""P"" FOR ACCESS TO P-2003 A&B / STEEL STRUCTURE (PLAN & DETS.)",,,,,ST,,,,,,,,,,CDW,21-3-10,,,21-3-10,,,,,notIssue,0%
1204-20-ST-DWG-1249,,"STRUCTURE ""P"" FOR ACCESS TO P-2003 A&B / STEEL STRUCTURE (ELEVATION & DETS.)",,,,,ST,,,,,,,,,,CDW,21-3-10,,,21-3-10,,,,,notIssue,0%
1204-30-ST-MTO-386,,MATERIAL TAKE OFF FOR E-3010 (MTO I),,,,,ST,,,,,,,,,,LIST,20-6-23,,,,,,,,notIssue,0%
1204-30-ST-DWG-388,,E-3011 / FDN. (G.A. & R.C.),,,,,ST,,,,,,,,,,CDW,20-6-20,,,20-6-20,,,,,notIssue,0%
1204-30-ST-DWG-504,,FT-3001 / FDN. (G.A. & R.C.),,,,,ST,,,,,,,,,,CDW,20-6-23,,,,,,,,notIssue,0%
1204-30-ST-DWG-508,,P-3001 A/B / FDN. (G.A. & R.C.),,,,,ST,,,,,,,,,,CDW,20-9-10,,,20-8-12,,,,,notIssue,0%
1204-30-ST-MTO-510,,MATERIAL TAKE OFF FOR P-3001 A/B,,,,,ST,,,,,,,,,,LIST,20-10-22,,,20-12-30,,,,,notIssue,0%
1204-30-ST-DWG-512,,P-3002 A/B / FDN. (G.A. & R.C.),,,,,ST,,,,,,,,,,CDW,20-9-10,,,20-8-12,,,,,notIssue,0%
1204-30-ST-MTO-514,,MATERIAL TAKE OFF FOR P-3002 A/B,,,,,ST,,,,,,,,,,LIST,20-10-22,,,20-12-14,,,,,notIssue,0%
1204-30-ST-DWG-516,,P-3003 A/B / FDN. (G.A. & R.C.),,,,,ST,,,,,,,,,,CDW,20-9-17,,,20-8-19,,,,,notIssue,0%
1204-30-ST-MTO-518,,MATERIAL TAKE OFF FOR P-3003 A/B,,,,,ST,,,,,,,,,,LIST,20-10-29,,,21-1-12,,,,,notIssue,0%
1204-30-ST-DWG-520,,P-3004 A/B / FDN. (G.A. & R.C.),,,,,ST,,,,,,,,,,CDW,20-9-17,,,20-8-19,,,,,notIssue,0%
1204-30-ST-MTO-522,,MATERIAL TAKE OFF FOR P-3004 A/B,,,,,ST,,,,,,,,,,LIST,20-10-29,,,21-1-12,,,,,notIssue,0%
1204-30-ST-DWG-524,,P-3005 A/B / FDN. (G.A. & R.C.),,,,,ST,,,,,,,,,,CDW,20-8-20,,,20-8-20,,,,,notIssue,0%
1204-30-ST-MTO-526,,MATERIAL TAKE OFF FOR P-3005 A/B,,,,,ST,,,,,,,,,,LIST,20-8-20,,,20-8-20,,,,,notIssue,0%
1204-30-ST-DWG-528,,P-3006 A/B / FDN. (G.A. & R.C.),,,,,ST,,,,,,,,,,CDW,20-9-18,,,20-8-19,,,,,notIssue,0%
1204-30-ST-MTO-530,,MATERIAL TAKE OFF FOR P-3006 A/B,,,,,ST,,,,,,,,,,LIST,20-10-30,,,21-1-12,,,,,notIssue,0%
1204-30-ST-DWG-532,,PU-3001 /FDN. (G.A. & R.C.),,,,,ST,,,,,,,,,,CDW,20-8-30,,,20-8-30,,,,,notIssue,0%
1204-30-ST-MTO-534,,MATERIAL TAKE OFF FOR PU-3001,,,,,ST,,,,,,,,,,LIST,20-8-30,,,20-8-30,,,,,notIssue,0%
1204-30-ST-DWG-536,,SU-3001 /CONCRETE SUMP (G.A. & R.C.),,,,,ST,,,,,,,,,,CDW,20-8-30,,,20-8-30,,,,,notIssue,0%
1204-30-ST-MTO-538,,MATERIAL TAKE OFF FOR SU-3001,,,,,ST,,,,,,,,,,LIST,20-8-30,,,20-8-30,,,,,notIssue,0%
1204-40-ST-DWG-401,,E-4001 A/B / FDN. (G.A. & R.C.),,,,,ST,,,,,,,,,,CDW,20-5-1,,,20-5-1,,,,,notIssue,0%
1204-40-ST-DWG-409,,E-4007 / FDN. (G.A. & R.C.),,,,,ST,,,,,,,,,,CDW,20-6-23,,,,,,,,notIssue,0%
1204-40-ST-MTO-411,,MATERIAL TAKE OFF FOR E-4007 ,,,,,ST,,,,,,,,,,LIST,20-6-23,,,,,,,,notIssue,0%
1204-40-ST-DWG-413,,E-4008 / FDN. (G.A. & R.C.),,,,,ST,,,,,,,,,,CDW,20-6-23,,,,,,,,notIssue,0%
1204-40-ST-MTO-415,,MATERIAL TAKE OFF FOR E-4008 ,,,,,ST,,,,,,,,,,LIST,20-6-23,,,,,,,,notIssue,0%
1204-40-ST-DWG-433,,P-4001 A/B / FDN. (G.A. & R.C.),,,,,ST,,,,,,,,,,CDW,20-3-31,,,20-5-26,,,,,notIssue,0%
1204-40-ST-MTO-435,,MATERIAL TAKE OFF FOR P-4001 AB ,,,,,ST,,,,,,,,,,LIST,20-3-31,,,20-5-26,,,,,notIssue,0%
1204-40-ST-DWG-437,,P-4002 A/B / FDN. (G.A. & R.C.),,,,,ST,,,,,,,,,,CDW,20-3-31,,,20-6-2,,,,,notIssue,0%
1204-40-ST-MTO-439,,MATERIAL TAKE OFF FOR P-4002 AB ,,,,,ST,,,,,,,,,,LIST,20-3-31,,,20-6-2,,,,,notIssue,0%
1204-40-ST-DWG-441,,P-4001 C/ FDN. (G.A. & R.C.),,,,,ST,,,,,,,,,,CDW,20-6-23,,,,,,,,notIssue,0%
1204-40-ST-MTO-443,,MATERIAL TAKE OFF FOR P-4001 C ,,,,,ST,,,,,,,,,,LIST,20-6-23,,,,,,,,notIssue,0%
1204-40-ST-DWG-445,,P-4005 A/B / FDN. (G.A. & R.C.),,,,,ST,,,,,,,,,,CDW,20-8-20,,,20-8-20,,,,,notIssue,0%
1204-40-ST-MTO-447,,MATERIAL TAKE OFF FOR P-4005 A/B,,,,,ST,,,,,,,,,,LIST,20-8-20,,,20-8-20,,,,,notIssue,0%
1204-40-ST-MTO-453,,MATERIAL TAKE OFF FOR BOILER (PU-4006 A ) / PART I,,,,,ST,,,,,,,,,,CDW,20-6-23,,,,,,,,notIssue,0%
1204-40-ST-MTO-454,,MATERIAL TAKE OFF FOR BOILER (PU-4006 B ) / PART I,,,,,ST,,,,,,,,,,CDW,20-6-23,,,,,,,,notIssue,0%
1204-40-ST-MTO-457,,MATERIAL TAKE OFF FOR BOILER (PU-4006 A ) / PART II,,,,,ST,,,,,,,,,,CDW,20-6-23,,,,,,,,notIssue,0%
1204-40-ST-MTO-458,,MATERIAL TAKE OFF FOR BOILER (PU-4006 B ) / PART II,,,,,ST,,,,,,,,,,CDW,20-6-23,,,,,,,,notIssue,0%
1204-40-ST-DWG-476,,BOILER (PU-4006 A/B ) / STEEL STRUCTURE (PLAN),,,,,ST,,,,,,,,,,CDW,19-10-1,,,20-4-30,,,,,notIssue,0%
1204-40-ST-DWG-477,,BOILER (PU-4006 A/B ) / STEEL STRUCTURE (ELEVATION),,,,,ST,,,,,,,,,,CDW,19-10-1,,,20-4-30,,,,,notIssue,0%
1204-40-ST-DWG-478,,BOILER (PU-4006 A/B ) / STEEL STRUCTURE (DETAILS),,,,,ST,,,,,,,,,,CDW,19-10-1,,,20-4-30,,,,,notIssue,0%
1204-40-ST-MTO-479,,MATERIAL TAKE OFF FOR BOILER (PU-4006 A ) / PART III,,,,,ST,,,,,,,,,,CDW,19-10-1,,,20-4-30,,,,,notIssue,0%
1204-40-ST-MTO-480,,MATERIAL TAKE OFF FOR BOILER (PU-4006 B ) / PART III,,,,,ST,,,,,,,,,,CDW,19-10-1,,,20-4-30,,,,,notIssue,0%
1204-40-ST-DWG-1242,,"STRUCTURE ""O"" FOR ACCESS TO P-4001 A&B&C / FDN. (G.A. & R.C.)",,,,,ST,,,,,,,,,,CDW,21-3-10,,,21-3-10,,,,,notIssue,0%
1204-40-ST-DWG-1243,,"STRUCTURE ""O"" FOR ACCESS TO P-4001 A&B&C / STEEL STRUCTURE (PLAN & DETS.)",,,,,ST,,,,,,,,,,CDW,21-3-10,,,21-3-10,,,,,notIssue,0%
1204-40-ST-DWG-1244,,"STRUCTURE ""O"" FOR ACCESS TO P-4001 A&B&C / STEEL STRUCTURE (ELEVATION & DETS.)",,,,,ST,,,,,,,,,,CDW,21-3-10,,,21-3-10,,,,,notIssue,0%
1204-61-ST-DWG-550,,ASU (AE-6187) / FDN. (G.A. & R.C.),,,,,ST,,,,,,,,,,CDW,20-6-23,,,,,,,,notIssue,0%
1204-61-ST-DWG-601,,ASU / FDN. (PART 1),,,,,ST,,,,,,,,,,CDW,20-2-15,,,20-6-20,,,,,notIssue,0%
1204-61-ST-DWG-602,,ASU / FDN. (PART 2),,,,,ST,,,,,,,,,,CDW,20-2-15,,,20-6-20,,,,,notIssue,0%
1204-61-ST-DWG-603,,ASU / FDN. (PART 3),,,,,ST,,,,,,,,,,CDW,20-2-15,,,20-6-20,,,,,notIssue,0%
1204-61-ST-DWG-604,,ASU / FDN. (PART 4),,,,,ST,,,,,,,,,,CDW,20-2-15,,,20-6-20,,,,,notIssue,0%
1204-61-ST-DWG-605,,ASU / FDN. (PART 5),,,,,ST,,,,,,,,,,CDW,20-2-15,,,20-6-20,,,,,notIssue,0%
1204-61-ST-DWG-606,,ASU / FDN. (PART 6),,,,,ST,,,,,,,,,,CDW,20-2-15,,,20-6-20,,,,,notIssue,0%
1204-61-ST-DWG-607,,ASU / FDN. (PART 7),,,,,ST,,,,,,,,,,CDW,20-2-15,,,20-6-20,,,,,notIssue,0%
1204-61-ST-DWG-608,,ASU / FDN. (PART 8),,,,,ST,,,,,,,,,,CDW,20-2-15,,,20-6-20,,,,,notIssue,0%
1204-61-ST-DWG-609,,ASU / FDN. (PART 9),,,,,ST,,,,,,,,,,CDW,20-2-15,,,20-6-20,,,,,notIssue,0%
1204-61-ST-MTO-611,,MATERIAL TAKE OFF FOR ASU ,,,,,ST,,,,,,,,,,LIST,20-2-15,,,20-6-20,,,,,notIssue,0%
1204-62-ST-DWG-626,,V-7401 A/B / FDN. (G.A. & R.C.),,,,,ST,,,,,,,,,,CDW,20-9-20,,,20-9-20,,,,,notIssue,0%
1204-62-ST-DWG-627,,V-7401 A/B / CONCRETE STRUCTURE,,,,,ST,,,,,,,,,,CDW,20-9-20,,,20-9-20,,,,,notIssue,0%
1204-62-ST-MTO-629,,MATERIAL TAKE OFF FOR V-7401 AB ,,,,,ST,,,,,,,,,,LIST,20-9-20,,,20-9-20,,,,,notIssue,0%
1204-62-ST-DWG-631,,COMPRESSOR SHELTER / FDN. (G.A. & R.C.),,,,,ST,,,,,,,,,,CDW,20-6-23,,,20-10-28,,,,,notIssue,0%
1204-62-ST-DWG-632,,COMPRESSOR SHELTER / STEEL STRUCTURE (PLAN),,,,,ST,,,,,,,,,,CDW,20-6-23,,,20-8-26,,,,,notIssue,0%
1204-62-ST-DWG-633,,COMPRESSOR SHELTER / STEEL STRUCTURE (ELEVATION),,,,,ST,,,,,,,,,,CDW,20-6-23,,,20-8-26,,,,,notIssue,0%
1204-62-ST-DWG-634,,COMPRESSOR SHELTER / STEEL STRUCTURE (DETAILS),,,,,ST,,,,,,,,,,CDW,20-6-23,,,20-8-26,,,,,notIssue,0%
1204-62-ST-MTO-636,,MATERIAL TAKE OFF FOR COMPRESSOR SHELTER ,,,,,ST,,,,,,,,,,LIST,20-6-23,,,20-8-26,,,,,notIssue,0%
1204-63-ST-DWG-651,,P-6301 A/B/C/D/E/F  / FDN. (G.A. & R.C.),,,,,ST,,,,,,,,,,CDW,20-3-31,,,20-6-2,,,,,notIssue,0%
1204-63-ST-MTO-654,,MATERIAL TAKE OFF FOR P-6301 A/B/C/D/E/F,,,,,ST,,,,,,,,,,LIST,20-3-31,,,20-6-2,,,,,notIssue,0%
1204-22-ST-DWG-662,,E-2201 A/B / FDN. (G.A. & R.C.),,,,,ST,,,,,,,,,,CDW,20-9-10,,,20-9-10,,,,,notIssue,0%
1204-22-ST-MTO-668,,MATERIAL TAKE OFF FOR TK-2201 ,,,,,ST,,,,,,,,,,LIST,20-9-9,,,20-10-19,,,,,notIssue,0%
1204-64-ST-DWG-670,,P-7502 A/B / FDN. (G.A. & R.C.),,,,,ST,,,,,,,,,,CDW,20-6-23,,,,,,,,notIssue,0%
1204-64-ST-MTO-719,,MATERIAL TAKE OFF FOR D-6401,,,,,ST,,,,,,,,,,LIST,20-6-23,,,,,,,,notIssue,0%
1204-72-ST-DWG-731,,P-7001 A/B / FDN. (G.A. & R.C.),,,,,ST,,,,,,,,,,CDW,20-9-10,,,20-9-10,,,,,notIssue,0%
1204-72-ST-MTO-733,,MATERIAL TAKE OFF FOR P-7001 A/B,,,,,ST,,,,,,,,,,LIST,20-9-10,,,20-9-10,,,,,notIssue,0%
1204-72-ST-DWG-739,,P-7101 A/B / FDN. (G.A. & R.C.),,,,,ST,,,,,,,,,,CDW,20-11-3,,,,,,,,notIssue,0%
1204-72-ST-MTO-741,,MATERIAL TAKE OFF FOR P-7101 A/B,,,,,ST,,,,,,,,,,LIST,20-7-22,,,21-2-16,,,,,notIssue,0%
1204-71-ST-DWG-747,,P-4501 A/B/C / FDN. (G.A. & R.C.),,,,,ST,,,,,,,,,,CDW,20-9-10,,,20-9-10,,,,,notIssue,0%
1204-71-ST-MTO-749,,MATERIAL TAKE OFF FOR P-4501 A/B/C,,,,,ST,,,,,,,,,,LIST,20-9-10,,,20-9-10,,,,,notIssue,0%
1204-71-ST-DWG-756,,DYKE WALL FOR TK-7101 A/B & TK-7201 / CALCULATION SHEET,,,,,ST,,,,,,,,,,CDW,20-6-23,,,,,,,,notIssue,0%
1204-84-ST-DWG-801,,V-8401 /CONCRETE SUMP (G.A. & R.C.),,,,,ST,,,,,,,,,,CDW,20-10-30,,,20-10-30,,,,,notIssue,0%
1204-84-ST-MTO-803,,MATERIAL TAKE OFF FOR V-8401 ,,,,,ST,,,,,,,,,,LIST,20-10-30,,,20-10-30,,,,,notIssue,0%
1204-84-ST-DWG-805,,A-8401 /CONCRETE SUMP (G.A. & R.C.),,,,,ST,,,,,,,,,,CDW,20-10-30,,,20-10-30,,,,,notIssue,0%
1204-84-ST-MTO-807,,MATERIAL TAKE OFF FOR A-8401 ,,,,,ST,,,,,,,,,,LIST,20-10-30,,,20-10-30,,,,,notIssue,0%
1204-84-ST-DWG-809,,A-8402 /CONCRETE SUMP (G.A. & R.C.),,,,,ST,,,,,,,,,,CDW,20-10-30,,,20-10-30,,,,,notIssue,0%
1204-84-ST-MTO-811,,MATERIAL TAKE OFF FOR A-8402 ,,,,,ST,,,,,,,,,,LIST,20-10-30,,,20-10-30,,,,,notIssue,0%
1204-84-ST-DWG-812,,P-8402 A/B /CONCRETE SUMP (G.A. & R.C.),,,,,ST,,,,,,,,,,CDW,20-10-30,,,20-10-30,,,,,notIssue,0%
1204-84-ST-MTO-814,,MATERIAL TAKE OFF FOR P-8402 AB ,,,,,ST,,,,,,,,,,LIST,20-10-30,,,20-10-30,,,,,notIssue,0%
1204-90-ST-DWG-955,,SUBSTATION / TRANSFORMER FDN. & PLAN DETAILS,,,,,ST,,,,,,,,,,CDW,20-6-23,,,,,,,,notIssue,0%
1204-90-ST-MTO-960,,MATERIAL TAKE OFF FOR SUBSTATION / PLUMBING,,,,,ST,,,,,,,,,,LIST,20-6-23,,,,,,,,notIssue,0%
1204-90-ST-DWG-965,,"ADMINISTRATION , RESTAURANT, CLINIC & GUARD HOUSE BUILDING / FDN. (R.C. PLAN & DETAILS V )",,,,,ST,,,,,,,,,,CDW,20-6-23,,,,,,,,notIssue,0%
1204-90-ST-DWG-977,,"ADMINISTRATION , RESTAURANT & CLINIC BUILDING / ROOF SLOPING PLAN & DETAILS",,,,,ST,,,,,,,,,,CDW,20-3-30,,,20-3-30,,,,,notIssue,0%
1204-90-ST-DWG-978,,"ADMINISTRATION , RESTAURANT & CLINIC BUILDING / LINTEL , FINISHING & FALSE CEILING FOR GROUND FLOOR PLAN ",,,,,ST,,,,,,,,,,CDW,20-3-30,,,20-3-30,,,,,InProgress,30%
1204-90-ST-DWG-979,,"ADMINISTRATION , RESTAURANT & CLINIC BUILDING / LINTEL , FINISHING & FALSE CEILING FOR FIRST FLOOR PLAN",,,,,ST,,,,,,,,,,CDW,20-3-30,,,20-3-30,,,,,InProgress,30%
1204-90-ST-DWG-980,,"ADMINISTRATION , RESTAURANT & CLINIC BUILDING / LINTEL , FINISHING & FALSE CEILING FOR SECOND FLOOR PLAN ",,,,,ST,,,,,,,,,,CDW,20-3-30,,,20-3-30,,,,,InProgress,30%
1204-90-ST-DWG-1017,,WORK SHOP / MISCELLANEOUS DETAILS ,,,,,ST,,,,,,,,,,CDW,20-6-23,,,,,,,,notIssue,0%
1204-90-ST-MTO-1025,,MATERIAL TAKE OFF FOR WORK SHOP / PLUMBING,,,,,ST,,,,,,,,,,LIST,20-6-23,,,,,,,,notIssue,0%
1204-90-ST-MTO-1027,,MATERIAL TAKE OFF FOR WORK SHOP STEEL STRUCTURE,,,,,ST,,,,,,,,,,LIST,20-6-23,,,,,,,,notIssue,0%
1204-90-ST-MTO-1028,,MATERIAL TAKE OFF FOR WORK SHOP / FDN.,,,,,ST,,,,,,,,,,LIST,20-6-23,,,,,,,,notIssue,0%
1204-90-ST-MTO-1045,,MATERIAL TAKE OFF FOR WAREHOUSE / PLUMBING,,,,,ST,,,,,,,,,,LIST,20-6-23,,,,,,,,notIssue,0%
1204-90-ST-MTO-1047,,MATERIAL TAKE OFF FOR WAREHOUSE STEEL STRUCTURE,,,,,ST,,,,,,,,,,LIST,20-6-23,,,,,,,,notIssue,0%
1204-90-ST-MTO-1048,,MATERIAL TAKE OFF FOR WAREHOUSE / FDN.,,,,,ST,,,,,,,,,,LIST,20-6-23,,,,,,,,notIssue,0%
1204-90-ST-DWG-1051,,FIRE STATION. / FDN. (R.C.DETAILS),,,,,ST,,,,,,,,,,CDW,20-6-30,,,20-6-30,,,,,notIssue,0%
1204-90-ST-DWG-1054,,FIRE STATION / 3D VIEWS,,,,,ST,,,,,,,,,,CDW,20-6-23,,,,,,,,notIssue,0%
1204-90-ST-DWG-1057,,FIRE STATION / MISCELLANEOUS DETAILS,,,,,ST,,,,,,,,,,CDW,20-6-30,,,20-6-30,,,,,notIssue,0%
1204-90-ST-DWG-1064,,FIRE STATION / SLABS (R.C.DETAILS II ),,,,,ST,,,,,,,,,,CDW,20-6-30,,,20-6-30,,,,,notIssue,0%
1204-90-ST-DWG-1065,,FIRE STATION / DOWELS FOR WALLS & COLUMNS,,,,,ST,,,,,,,,,,CDW,20-6-30,,,20-6-30,,,,,notIssue,0%
1204-90-ST-MTO-1072,,MATERIAL TAKE OFF FOR FIRE STATION. / PLUMBING,,,,,ST,,,,,,,,,,LIST,20-6-30,,,20-6-30,,,,,notIssue,0%
1204-90-ST-MTO-1074,,MATERIAL TAKE OFF FOR FIRE STATION BEAMS & SLABS,,,,,ST,,,,,,,,,,LIST,20-6-30,,,20-6-30,,,,,notIssue,0%
1204-90-ST-MTO-1075,,MATERIAL TAKE OFF FOR FIRE STATION WALLS & COLUMNS,,,,,ST,,,,,,,,,,LIST,20-6-30,,,20-6-30,,,,,notIssue,0%
1204-90-ST-MTO-1076,,MATERIAL TAKE OFF FOR FIRE STATION FDN.,,,,,ST,,,,,,,,,,LIST,20-6-23,,,,,,,,notIssue,0%
1204-90-ST-MTO-1090,,MATERIAL TAKE OFF FOR GUARD HOUSE / FDN.,,,,,ST,,,,,,,,,,LIST,20-3-30,,,20-3-30,,,,,notIssue,0%
1204-90-ST-MTO-1091,,MATERIAL TAKE OFF FOR GUARD HOUSE / STEEL STRUCTURE,,,,,ST,,,,,,,,,,LIST,20-3-30,,,20-3-30,,,,,notIssue,0%
1204-90-ST-MTO-1092,,MATERIAL TAKE OFF FOR GUARD HOUSE / PLUMBING,,,,,ST,,,,,,,,,,LIST,20-3-30,,,20-3-30,,,,,notIssue,0%
1204-00-ST-MTO-1113,,MATERIAL TAKE OFF FOR PIPE CULVERT,,,,,ST,,,,,,,,,,LIST,20-6-23,,,,,,,,complete,100%
1204-00-ST-MTO-1118,,MATERIAL TAKE OFF FOR RETAINING WALL (WEST),,,,,ST,,,,,,,,,,LIST,20-4-30,,,20-4-30,,,,,notIssue,0%
1204-00-ST-DWG-013,,PIPE RACK ZONE 1 / CONCRETE STRUCTURE ( R.C. DETAILS II ),,,,,ST,,,,,,,,,,CDW,20-6-23,,,,,,,,notIssue,0%
1204-00-ST-MTO-015,,MATERIAL TAKE OFF FOR PIPE RACK ZONE 1 ,,,,,ST,,,,,,,,,,LIST,20-6-23,,,,,,,,notIssue,0%
1204-00-ST-MTO-022,,MATERIAL TAKE OFF FOR PIPE RACK ZONE 2 ,,,,,ST,,,,,,,,,,LIST,20-6-23,,,,,,,,notIssue,0%
1204-00-ST-MTO-028,,MATERIAL TAKE OFF FOR PIPE RACK ZONE 3,,,,,ST,,,,,,,,,,LIST,20-6-23,,,,,,,,notIssue,0%
1204-00-ST-MTO-034,,MATERIAL TAKE OFF FOR PIPE RACK ZONE 4,,,,,ST,,,,,,,,,,LIST,20-6-23,,,,,,,,notIssue,0%
1204-00-ST-DWG-038,,PIPE RACK ZONE 5 / CONCRETE STRUCTURE ( R.C. DETAILS II ),,,,,ST,,,,,,,,,,CDW,20-6-3,,,20-8-12,,,,,notIssue,0%
1204-00-ST-MTO-040,,MATERIAL TAKE OFF FOR PIPE RACK ZONE 5,,,,,ST,,,,,,,,,,LIST,20-6-23,,,20-8-12,,,,,notIssue,0%
1204-00-ST-MTO-046,,MATERIAL TAKE OFF FOR PIPE RACK ZONE 6,,,,,ST,,,,,,,,,,LIST,20-6-23,,,,,,,,notIssue,0%
1204-00-ST-MTO-052,,MATERIAL TAKE OFF FOR PIPE RACK ZONE 7,,,,,ST,,,,,,,,,,LIST,20-6-23,,,,,,,,notIssue,0%
1204-00-ST-MTO-058,,MATERIAL TAKE OFF FOR PIPE RACK ZONE 8,,,,,ST,,,,,,,,,,LIST,20-6-23,,,,,,,,notIssue,0%
1204-00-ST-MTO-064,,MATERIAL TAKE OFF FOR PIPE RACK ZONE 9,,,,,ST,,,,,,,,,,LIST,20-6-23,,,,,,,,notIssue,0%
1204-00-ST-DWG-068,,PIPE RACK ZONE 10 / CONCRETE STRUCTURE ( R.C. DETAILS II ),,,,,ST,,,,,,,,,,CDW,20-6-23,,,,,,,,notIssue,0%
1204-00-ST-MTO-070,,MATERIAL TAKE OFF FOR PIPE RACK ZONE 10,,,,,ST,,,,,,,,,,LIST,20-6-23,,,,,,,,notIssue,0%
1204-00-ST-MTO-076,,MATERIAL TAKE OFF FOR PIPE RACK ZONE 11,,,,,ST,,,,,,,,,,LIST,20-6-23,,,,,,,,notIssue,0%
1204-00-ST-DWG-078,,"PIPE RACK ZONE 12 /  STEEL STRUCTURE (PLAN, ELEVATION & DETS.)",,,,,ST,,,,,,,,,,CDW,20-3-31,,,20-6-7,,,,,InProgress,80%
1204-00-ST-DWG-079,,PIPE RACK ZONE 12 / STEEL STRUCTURE (VIEW & DETS.),,,,,ST,,,,,,,,,,CDW,20-3-31,,,20-6-7,,,,,notIssue,0%
1204-00-ST-DWG-185,,PIPE RACK ZONE 13 / STEEL STRUCTURE (ELEVATION & DETS.),,,,,ST,,,,,,,,,,CDW,20-3-31,,,20-5-31,,,,,notIssue,0%
1204-00-ST-DWG-189,,PIPE RACK ZONE 15 / FDN. (G.A. & R.C.),,,,,ST,,,,,,,,,,CDW,20-4-5,,,20-4-5,,,,,notIssue,0%
1204-00-ST-DWG-190,,PIPE RACK ZONE 15 / STEEL STRUCTURE (PLAN & DETS.),,,,,ST,,,,,,,,,,CDW,20-4-5,,,20-4-5,,,,,notIssue,0%
1204-00-ST-DWG-191,,PIPE RACK ZONE 15 / STEEL STRUCTURE (ELEVATION & DETS.),,,,,ST,,,,,,,,,,CDW,20-4-5,,,20-4-5,,,,,notIssue,0%
1204-00-ST-DWG-194,,PIPE RACK ZONE 16 / STEEL STRUCTURE (ELEVATION & DETS.),,,,,ST,,,,,,,,,,CDW,20-6-23,,,,,,,,notIssue,0%
1204-00-ST-DWG-195,,PIPE RACK ZONE 17 / FDN. (G.A. & R.C.),,,,,ST,,,,,,,,,,CDW,20-4-29,,,20-4-29,,,,,notIssue,0%
1204-00-ST-DWG-196,,PIPE RACK ZONE 17 /  STEEL STRUCTURE (PLAN & DETS.),,,,,ST,,,,,,,,,,CDW,20-4-29,,,20-4-29,,,,,notIssue,0%
1204-00-ST-DWG-197,,PIPE RACK ZONE 17 / STEEL STRUCTURE (ELEVATION & DETS.),,,,,ST,,,,,,,,,,CDW,20-4-29,,,20-4-29,,,,,notIssue,0%
1204-00-ST-DWG-198,,PIPE RACK ZONE 18 / FDN. (G.A. & R.C.),,,,,ST,,,,,,,,,,CDW,20-5-12,,,20-5-12,,,,,notIssue,0%
1204-00-ST-DWG-199,,PIPE RACK ZONE 18 / STEEL STRUCTURE (PLAN & DETS.),,,,,ST,,,,,,,,,,CDW,20-5-12,,,20-5-12,,,,,notIssue,0%
1204-00-ST-DWG-200,,PIPE RACK ZONE 18 / STEEL STRUCTURE (ELEVATION & DETS.),,,,,ST,,,,,,,,,,CDW,20-5-12,,,20-5-12,,,,,notIssue,0%
1204-00-ST-MTO-082,,MATERIAL TAKE OFF FOR PIPE RACK ZONE 12,,,,,ST,,,,,,,,,,LIST,20-3-31,,,20-6-7,,,,,notIssue,0%
1204-00-ST-DWG-080,,PIPE RACK ZONE 12 / CONCRETE STRUCTURE ( R.C. DETAILS II ),,,,,ST,,,,,,,,,,CDW,20-3-31,,,20-6-7,,,,,notIssue,0%
1204-00-ST-DWG-089,,FLARE / FDN. (G.A. & R.C.),,,,,ST,,,,,,,,,,CDW,20-12-29,,,21-3-16,,,,,notIssue,0%
1204-00-ST-MTO-091,,MATERIAL TAKE OFF FOR FLARE ,,,,,ST,,,,,,,,,,LIST,21-3-16,,,21-5-4,,,,,notIssue,0%
1204-00-ST-DWG-092,,PIPE SUPPORTS / FDN.,,,,,ST,,,,,,,,,,CDW,21-3-16,,,21-5-4,,,,,notIssue,0%
1204-00-ST-DWG-093,,PIPE SUPPORTS / STEEL STRUCTURE,,,,,ST,,,,,,,,,,CDW,21-3-16,,,21-5-4,,,,,notIssue,0%
1204-00-ST-MTO-095,,MATERIAL TAKE OFF FOR PIPE SUPPORTS ,,,,,ST,,,,,,,,,,LIST,21-3-16,,,21-5-4,,,,,notIssue,0%
1204-00-ST-DWG-096,,SLEEPERS / GENERAL ARRANGEMENT & DETAILS,,,,,ST,,,,,,,,,,CDW,21-3-16,,,21-5-4,,,,,notIssue,0%
1204-00-ST-DWG-097,,SLEEPERS / DETAILS,,,,,ST,,,,,,,,,,CDW,21-3-16,,,21-5-4,,,,,notIssue,0%
1204-00-ST-MTO-1126,,MATERIAL TAKE OFF FOR DV-6202,,,,,ST,,,,,,,,,,LIST,20-6-23,,,,,,,,notIssue,0%
1204-00-ST-MTO-099,,MATERIAL TAKE OFF FOR SLEEPERS ,,,,,ST,,,,,,,,,,LIST,20-6-23,,,,,,,,notIssue,0%
1204-00-ST-MTO-1138,,MATERIAL TAKE OFF FOR VB-6203,,,,,ST,,,,,,,,,,LIST,20-6-23,,,,,,,,notIssue,0%
1204-00-ST-MTO-1142,,MATERIAL TAKE OFF FOR VB-6301 ,,,,,ST,,,,,,,,,,LIST,20-6-23,,,,,,,,notIssue,0%
1204-00-ST-BBS-1147,,BAR BENDING SCHEDULE FOR VB-6303,,,,,ST,,,,,,,,,,LIST,20-6-23,,,,,,,,notIssue,0%
1204-00-ST-MTO-1150,,MATERIAL TAKE OFF FOR VB-6601,,,,,ST,,,,,,,,,,LIST,20-6-23,,,,,,,,notIssue,0%
1204-00-ST-BBS-1155,,BAR BENDING SCHEDULE FOR VB-6905,,,,,ST,,,,,,,,,,LIST,20-6-23,,,,,,,,notIssue,0%
1204-00-ST-MTO-1158,,MATERIAL TAKE OFF FOR ADDITIONAL CONCRETE WALLS,,,,,ST,,,,,,,,,,LIST,20-6-23,,,,,,,,notIssue,0%
/1204-00-ST-ACT-740AVD,,VENDOR DOCUMENT CHECKING FOR FABRICATION & SUPPLY OF STEEL STRUCTURES (PART A),,,,,ST,,,,,,,,,,VDR,20-6-23,,,,,,,,complete,100%
1204-00-ST-REQ-740B ,,REQUISITION FOR FABRICATION & SUPPLY OF STEEL STRUCTURES (PART B),,,,,ST,,,,,,,,,,REQ,20-6-23,,,,,,,,complete,100%
1204-00-ST-TBA-740B,,TECHNICAL BID ANALYSIS FOR FABRICATION & SUPPLY OF STEEL STRUCTURES (PART B),,,,,ST,,,,,,,,,,TBA,20-6-23,,,,,,,,complete,100%
/1204-00-ST-ACT-740BVD,,VENDOR DOCUMENT CHECKING FOR FABRICATION & SUPPLY OF STEEL STRUCTURES (PART B),,,,,ST,,,,,,,,,,VDR,20-6-23,,,,,,,,InProgress,99%
/1204-00-ST-ACT-740CVD,,VENDOR DOCUMENT CHECKING FOR FABRICATION & SUPPLY OF STEEL STRUCTURES (PART C),,,,,ST,,,,,,,,,,VDR,20-3-10,,,20-10-20,,,,,InProgress,40%
1204-00-ST-TBA-740D,,TECHNICAL BID ANALYSIS FOR FABRICATION & SUPPLY OF STEEL STRUCTURES (PART D),,,,,ST,,,,,,,,,,TBA,20-7-9,,,20-7-13,,,,,complete,100%
/1204-00-ST-ACT-740DVD,,VENDOR DOCUMENT CHECKING FOR FABRICATION & SUPPLY OF STEEL STRUCTURES (PART D),,,,,ST,,,,,,,,,,VDR,20-9-8,,,21-6-25,,,,,InProgress,10%
1204-00-ST-TBA-742,,TECHNICAL BID ANALYSIS FOR ANCHOR BOLTS,,,,,ST,,,,,,,,,,TBA,20-6-23,,,,,,,,notIssue,0%
/1204-00-ST-ACT-742VD,,VENDOR DOCUMENT CHECKING FOR ANCHOR BOLTS,,,,,ST,,,,,,,,,,VDR,20-6-23,,,,,,,,InProgress,99%
/1204-00-ST-ACT-743VD,,VENDOR DOCUMENT CHECKING (STEEL GRATING),,,,,ST,,,,,,,,,,VDR,20-6-23,,,,,,,,InProgress,92%
1204-90-HV-DWG-031,,ANALYZER ROOM - DUCTING LAYOUT,,,,,HV,,,,,,,,,,CDW,20-6-23,,,,,,,,notIssue,0%
1204-90-HV-DWG-032,,ANALYZER ROOM - SECTION OF DUCTING,,,,,HV,,,,,,,,,,CDW,20-6-23,,,,,,,,notIssue,0%
1204-90-HV-DWG-033,,ANALYZER ROOM - DUCT SUPPORTING AND OPENING LOCATION,,,,,HV,,,,,,,,,,CDW,20-6-23,,,,,,,,notIssue,0%
1204-90-HV-DID-034,,ANALYZER ROOM - MECHANICAL ROOM GENERAL DIAGRAM,,,,,HV,,,,,,,,,,CDW,20-6-23,,,,,,,,notIssue,0%
1204-90-HV-DWG-035,,ANALYZER ROOM - HVAC EQUIPMENT ARRANGEMENT & REFRIGERANT PIPING PLAN,,,,,HV,,,,,,,,,,CDW,20-6-23,,,,,,,,notIssue,0%
1204-90-HV-DSH-030,,DATA SHEET FOR PACKAGE AIR HANDLING UNIT FOR ANALYZER,,,,,HV,,,,,,,,,,DSH,20-6-23,,,,,,,,notIssue,0%
1204-90-HV-DSH-031,,DATA SHEET FOR AIR CONDENSER FOR ANALYZER,,,,,HV,,,,,,,,,,DSH,20-6-23,,,,,,,,notIssue,0%
1204-90-HV-DSH-032,,DATA SHEET FOR FRESH AIR FAN & FILTER UNIT FOR ANALYZER,,,,,HV,,,,,,,,,,DSH,20-6-23,,,,,,,,notIssue,0%
1204-90-HV-DSH-212,,DATA SHEET FOR PRESSURE RELIEF DAMPER FOR LABORATORY ,,,,,HV,,,,,,,,,,DSH,20-6-23,,,,,,,,notIssue,0%
1204-90-HV-DSH-230,,DATA SHEET FOR MOTORIZED FIRE DAMPER FOR ANALYZER,,,,,HV,,,,,,,,,,DSH,20-6-23,,,,,,,,notIssue,0%
1204-90-HV-DSH-231,,DATA SHEET FOR MOTORIZED BLOCK DAMPER FOR ANALYZER,,,,,HV,,,,,,,,,,DSH,20-6-23,,,,,,,,notIssue,0%
1204-90-HV-DSH-232,,DATA SHEET FOR PRESSURE RELIEF DAMPER FOR ANALYZER,,,,,HV,,,,,,,,,,DSH,20-6-23,,,,,,,,notIssue,0%
/1204-00-HV-ACT-790VDR,,VENDOR DOCUMENT CHECKING (HVAC EQUIPMENT),,,,,HV,,,,,,,,,,VDR,20-6-23,,,,,,,,notIssue,0%
/1204-00-HV-ACT-791VDR,,VENDOR DOCUMENT CHECKING (EXPLOSION PROTECTION VALVE),,,,,HV,,,,,,,,,,VDR,20-6-23,,,,,,,,complete,100%
/1204-00-HV-ACT-792VDR,,VENDOR DOCUMENT CHECKING (DUCT ACCESSORIES),,,,,HV,,,,,,,,,,VDR,20-6-23,,,,,,,,notIssue,0%
1204-00-EL-CSH-002,,RELAY SETTING SCHEDULE & COORDINATION STUDIES,,,,,EL,,,,,,,,,,LIST,20-8-15,,,20-8-15,,,,,notIssue,0%
1204-00-EL-CSH-005,,LIGHTING CALCULATIONS & ILLUMINATION LEVELS (SAMPLE CAL.),,,,,EL,,,,,,,,,,LIST,20-10-10,,,20-10-10,,,,,notIssue,0%
1204-00-EL-CSH-007,,LARGE DRIVE STARTING STUDIES,,,,,EL,,,,,,,,,,LIST,20-11-30,,,20-11-30,,,,,notIssue,0%
1204-00-EL-CSH-008,,ELECTRICAL HEAT TRACING CALCULATION LIST,,,,,EL,,,,,,,,,,LIST,20-11-30,,,20-11-30,,,,,notIssue,0%
1204-00-EL-SLD-032,,MAIN NORMAL DISTRIBUTION PANEL SINGLE LINE DIAGRAM NO.2,,,,,EL,,,,,,,,,,CDW,19-10-1,,,20-9-30,,,,,notIssue,0%
1204-00-EL-SLD-033,,MAIN EMERGENCY DISTRIBUTION PANEL SINGLE LINE DIAGRAM  NO.2,,,,,EL,,,,,,,,,,CDW,19-10-1,,,20-9-30,,,,,notIssue,0%
1204-90-EL-SLD-054,,WAREHOUSE BACKYARD NORMAL LIGHTING PANEL SINGLE LINE DIAGRAM,,,,,EL,,,,,,,,,,CDW,19-10-1,,,20-3-30,,,,,notIssue,0%
1204-90-EL-SLD-055,,WAREHOUSE BACKYARD EMERGENCY LIGHTING & RECEPTACLE PANEL SINGLE LINE DIAGRAM,,,,,EL,,,,,,,,,,CDW,19-10-1,,,20-3-30,,,,,notIssue,0%
1204-90-EL-SLD-072,,AREA NORMAL LIGHTING PANEL SINGLE LINE DIAGRAM NO. 5,,,,,EL,,,,,,,,,,CDW,19-10-1,,,20-5-30,,,,,notIssue,0%
1204-90-EL-SLD-073,,AREA EMERGENCY LIGHTING PANEL SINGLE LINE DIAGRAM NO.5,,,,,EL,,,,,,,,,,CDW,19-10-1,,,20-5-30,,,,,notIssue,0%
1204-90-EL-SLD-074,,AREA RECEPTACLE PANEL SINGLE LINE DIAGRAM NO.5,,,,,EL,,,,,,,,,,CDW,19-10-1,,,20-5-30,,,,,notIssue,0%
1204-90-EL-SLD-077,,ELECTRICAL HEAT TRACING DISTRIBUTION PANEL SINGLE LINE DIAGRAM,,,,,EL,,,,,,,,,,CDW,19-10-1,,,20-5-30,,,,,notIssue,0%
1204-90-EL-SLD-090,,GUARD HOUSE NORMAL LIGHTING PANEL ONE LINE DIAGRAM,,,,,EL,,,,,,,,,,CDW,20-4-30,,,20-4-30,,,,,notIssue,0%
1204-90-EL-SLD-091,,GUARD HOUSE EMERGENCY LIGHTING PANEL ONE LINE DIAGRAM,,,,,EL,,,,,,,,,,CDW,20-4-30,,,20-4-30,,,,,notIssue,0%
1204-90-EL-SLD-092,,CLINIC NORMAL LIGHTING PANEL ONE LINE DIAGRAM,,,,,EL,,,,,,,,,,CDW,20-4-30,,,20-4-30,,,,,notIssue,0%
1204-90-EL-SLD-093,,CLINIC EMERGENCY LIGHTING PANEL ONE LINE DIAGRAM,,,,,EL,,,,,,,,,,CDW,20-4-30,,,20-4-30,,,,,notIssue,0%
1204-90-EL-SLD-094,,ADMINS. NORMAL LIGHTING PANEL ONE LINE DIAGRAM,,,,,EL,,,,,,,,,,CDW,20-4-30,,,20-4-30,,,,,notIssue,0%
1204-90-EL-SLD-095,,ADMINS. EMERGENCY LIGHTING PANEL ONE LINE DIAGRAM,,,,,EL,,,,,,,,,,CDW,20-4-30,,,20-4-30,,,,,notIssue,0%
1204-90-EL-SLD-096,,TRAINING  NORMAL LIGHTING PANEL ONE LINE DIAGRAM,,,,,EL,,,,,,,,,,CDW,20-4-30,,,20-4-30,,,,,notIssue,0%
1204-90-EL-SLD-097,,TRAINING  EMERGENCY LIGHTING PANEL ONE LINE DIAGRAM,,,,,EL,,,,,,,,,,CDW,20-4-30,,,20-4-30,,,,,notIssue,0%
1204-90-EL-SLD-098,,RESTAURANT NORMAL LIGHTING PANEL ONE LINE DIAGRAM,,,,,EL,,,,,,,,,,CDW,20-5-30,,,20-5-30,,,,,notIssue,0%
1204-90-EL-SLD-099,,RESTAURANT EMERGENCY LIGHTING PANEL ONE LINE DIAGRAM,,,,,EL,,,,,,,,,,CDW,20-5-30,,,20-5-30,,,,,notIssue,0%
1204-90-EL-SLD-100,,ADMINISTRATION BUILDING MAIN NORMAL DISTRIBUTION PANEL ONE LINE DIAGRAM,,,,,EL,,,,,,,,,,CDW,20-5-30,,,20-5-30,,,,,notIssue,0%
1204-90-EL-SLD-101,,ADMINISTRATION BUILDING MAIN EMERGENCY DISTRIBUTION PANEL ONE LINE DIAGRAM,,,,,EL,,,,,,,,,,CDW,20-5-30,,,20-5-30,,,,,notIssue,0%
1204-00-EL-SLD-083,," UTILITY SUBSTATION NORMAL LIGHTING PANEL ONE LINE DIAGRAM,",,,,,EL,,,,,,,,,,CDW,19-10-1,,,20-5-30,,,,,notIssue,0%
1204-00-EL-SLD-084,, UTILITY SUBSTATION EMERGENCY LIGHTING PANEL ONE LINE DIAGRAM  ,,,,,EL,,,,,,,,,,CDW,19-10-1,,,20-5-30,,,,,notIssue,0%
1204-00-EL-SLD-085,, UTILITY CONTROL ROOM NORMAL LIGHTING PANEL ONE LINE DIAGRAM,,,,,EL,,,,,,,,,,CDW,19-10-1,,,20-5-30,,,,,notIssue,0%
1204-00-EL-SLD-086,, UTILITY CONTROL ROOM EMERGENCY LIGHTING PANEL ONE LINE DIAGRAM,,,,,EL,,,,,,,,,,CDW,19-10-1,,,20-5-30,,,,,notIssue,0%
1204-90-EL-SLD-087,,UTILITY SUBSTATION SAFETY LIGHTING PANEL ONE LINE DIAGRAM,,,,,EL,,,,,,,,,,CDW,19-10-1,,,20-5-30,,,,,notIssue,0%
1204-90-EL-SLD-088,,UTILITY CONTROL ROOM SAFETY LIGHTING PANEL ONE LINE DIAGRAM,,,,,EL,,,,,,,,,,CDW,19-10-1,,,20-5-30,,,,,notIssue,0%
1204-00-EL-DIG-002,,TELEPHONE SYSTEM RISER DIAGRAM,,,,,EL,,,,,,,,,,CDW,20-2-18,,,20-4-20,,,,,notIssue,0%
1204-90-EL-DIG-004,,FIRE ALARM RISER DIAGRAM FOR CENTRAL CONTROL BUILDING,,,,,EL,,,,,,,,,,CDW,20-3-31,,,20-4-21,,,,,notIssue,0%
1204-90-EL-DIG-005,,FIRE ALARM RISER DIAGRAM FOR FIRE STATION,,,,,EL,,,,,,,,,,CDW,20-4-1,,,20-4-22,,,,,notIssue,0%
1204-90-EL-DIG-006,,FIRE ALARM RISER DIAGRAM FOR GUARD HOUSE,,,,,EL,,,,,,,,,,CDW,20-4-1,,,20-4-22,,,,,notIssue,0%
1204-90-EL-DIG-007,,"FIRE ALARM RISER DIAGRAM  FOR ADMINSTRATION,RESTAURANT,CLINIC & GUARD HOUSE BUILDING",,,,,EL,,,,,,,,,,CDW,20-6-23,,,,,,,,notIssue,0%
1204-00-EL-SDG-500,,"ELECTRICAL/INSTRUMENT INTERCONNECTION DIAGRAM, MAIN SUBSTATION",,,,,EL,,,,,,,,,,CDW,20-2-21,,,20-4-23,,,,,notIssue,0%
1204-00-EL-SDG-501,,"ELECTRICAL/INSTRUMENT INTERCONNECTION DIAGRAM, UTILITY SUBSTATION",,,,,EL,,,,,,,,,,CDW,20-2-21,,,20-4-23,,,,,notIssue,0%
1204-00-EL-SDG-502,,MV SWITCHGEAR WIRING INTERCONNECTION DIAGRAM,,,,,EL,,,,,,,,,,CDW,20-2-21,,,20-4-23,,,,,notIssue,0%
1204-00-EL-SDG-503,,"INTERCONNECTION DIAGRAM  6KV SWITCHGEAR (SS01-SWB2A,B-01)",,,,,EL,,,,,,,,,,CDW,20-2-24,,,20-4-24,,,,,notIssue,0%
1204-00-EL-SDG-504,,"INTERCONNECTION DIAGRAM 0.4KV SWITCHGEAR (MS-SWB3A,B-01)",,,,,EL,,,,,,,,,,CDW,20-2-24,,,20-4-24,,,,,notIssue,0%
1204-00-EL-SDG-505,,"INTERCONNECTION DIAGRAM 0.4KV SWITCHGEAR (MS-SWB3A,B-02)",,,,,EL,,,,,,,,,,CDW,20-2-24,,,20-4-24,,,,,notIssue,0%
1204-00-EL-SDG-506,,"INTERCONNECTION DIAGRAM 0.4KV SWITCHGEAR (MS-SWB3A,B-03)",,,,,EL,,,,,,,,,,CDW,20-2-24,,,20-4-27,,,,,notIssue,0%
1204-00-EL-SDG-507,,"INTERCONNECTION DIAGRAM 0.4KV SWITCHGEAR (MS-SWB3A,B-04)",,,,,EL,,,,,,,,,,CDW,20-2-18,,,20-4-20,,,,,notIssue,0%
1204-00-EL-SDG-508,,"INTERCONNECTION DIAGRAM 0.4KV SWITCHGEAR (MS-SWB3A,B,C-05)",,,,,EL,,,,,,,,,,CDW,20-2-18,,,20-4-20,,,,,notIssue,0%
1204-00-EL-SDG-509,,"INTERCONNECTION DIAGRAM 0.4KV SWITCHGEAR (SS01-SWB3A,B-01)",,,,,EL,,,,,,,,,,CDW,20-2-18,,,20-4-21,,,,,notIssue,0%
1204-00-EL-SDG-510,,"INTERCONNECTION DIAGRAM 0.4KV SWITCHGEAR (SS01-SWB3A,B-02)",,,,,EL,,,,,,,,,,CDW,20-2-18,,,20-4-21,,,,,notIssue,0%
1204-00-EL-SCH-509,,ELECTRICAL CABLE SCHEDULE,,,,,EL,,,,,,,,,,LIST,20-1-7,,,20-5-8,,,,,notIssue,0%
1204-00-EL-SCH-512,,COMMUNICATION CABLE SCHEDULE,,,,,EL,,,,,,,,,,LIST,20-1-8,,,20-5-11,,,,,notIssue,0%
1204-00-EL-SCH-5036,,"LV SWITCHGEAR SCHEDULE (SS01-SWB3A,B-01)",,,,,EL,,,,,,,,,,LIST,20-1-9,,,20-5-12,,,,,notIssue,0%
1204-00-EL-SCH-5037,,"LV SWITCHGEAR SCHEDULE (SS01-SWB3A,B,C-02)",,,,,EL,,,,,,,,,,LIST,20-1-9,,,20-5-12,,,,,notIssue,0%
1204-00-EL-SCH-528,,LOCAL CONTROL STATION SCHEDULE,,,,,EL,,,,,,,,,,LIST,20-1-10,,,20-5-13,,,,,notIssue,0%
1204-00-EL-SCH-5091,,ELECTRICAL CABLES DRUM INDEX/SCHEDULE,,,,,EL,,,,,,,,,,LIST,20-1-10,,,20-5-13,,,,,notIssue,0%
1204-00-EL-SCH-5092,,COMMUNICATION CABLES DRUM INDEX/SCHEDULE,,,,,EL,,,,,,,,,,LIST,20-1-10,,,20-5-13,,,,,notIssue,0%
1204-00-EL-SCH-5093,,SCHEDULE FOR ELECTRICAL CABLE CUTTING,,,,,EL,,,,,,,,,,LIST,20-6-23,,,,,,,,notIssue,0%
1204-00-EL-DSH-509,,TYPICAL DATA SHEET FOR ELECTRICAL CABLES,,,,,EL,,,,,,,,,,DSH,20-2-24,,,20-4-21,,,,,InProgress,5%
1204-00-EL-DSH-510,,DATA SHEET FOR  UTILITY SUBSTATION DC BATTERY CHARGER (SS01),,,,,EL,,,,,,,,,,DSH,20-2-18,,,20-4-21,,,,,InProgress,5%
1204-00-EL-DSH-521,,TYPICAL DATA SHEET FOR MV INDUCTION MOTOR,,,,,EL,,,,,,,,,,DSH,20-2-18,,,20-4-21,,,,,notIssue,0%
1204-00-EL-DSH-522,,TYPICAL DATA SHEET FOR LV INDUCTION MOTOR,,,,,EL,,,,,,,,,,DSH,20-2-18,,,20-4-21,,,,,notIssue,0%
1204-00-EL-MTO-001,,MATERIAL TAKE OFF FOR CABLE ACCESSORIES,,,,,EL,,,,,,,,,,LIST,20-1-10,,,20-9-16,,,,,notIssue,0%
1204-00-EL-MTO-005,,MATERIAL TAKE OFF FOR COMMUNICATION SYSTEMS,,,,,EL,,,,,,,,,,LIST,20-1-10,,,20-9-16,,,,,notIssue,0%
1204-01-EL-DWG-010,,LIGHTING FIXTURES AND SOCKET OUTLET LAYOUT - AREA 01,,,,,EL,,,,,,,,,,CDW,20-6-10,,,20-6-10,,,,,notIssue,0%
1204-01-EL-DWG-030,,COMMUNICATION AND CCTV LAYOUT AREA 01,,,,,EL,,,,,,,,,,CDW,20-6-10,,,20-6-10,,,,,notIssue,0%
1204-04-EL-DWG-014,,LIGHTING LAYOUT FOR AREA-04 – PRIMARY REFORMER ,,,,,EL,,,,,,,,,,CDW,20-6-23,,,,,,,,notIssue,0%
1204-08-EL-DWG-001,,POWER LAYOUT - AREA 08,,,,,EL,,,,,,,,,,CDW,20-10-1,,,20-4-21,,,,,notIssue,0%
1204-08-EL-DWG-010,,LIGHTING FIXTURES AND SOCKET OUTLET LAYOUT - AREA 08,,,,,EL,,,,,,,,,,CDW,20-10-1,,,20-4-21,,,,,notIssue,0%
1204-08-EL-DWG-020,,EARTHING LAYOUT - AREA 08,,,,,EL,,,,,,,,,,CDW,20-10-1,,,20-4-21,,,,,notIssue,0%
1204-08-EL-DWG-030,,COMMUNICATION AND CCTV LAYOUT AREA 08,,,,,EL,,,,,,,,,,CDW,20-10-1,,,20-4-21,,,,,notIssue,0%
1204-90-EL-DWG-001,,MAIN SUBSTATION EQUIPMENT ARRANGEMENT LAYOUT,,,,,EL,,,,,,,,,,CDW,20-6-30,,,20-6-30,,,,,notIssue,0%
1204-90-EL-DWG-002,,MAIN SUBSTATION CABLE ROUTING LAYOUT,,,,,EL,,,,,,,,,,CDW,20-6-30,,,20-6-30,,,,,notIssue,0%
1204-90-EL-DWG-003,,MAIN SUBSTATION CABLE ROUTING ARRANGEMENT OF VIEWS / SECTIONS,,,,,EL,,,,,,,,,,CDW,20-6-30,,,20-6-30,,,,,notIssue,0%
1204-90-EL-DWG-020,,MAIN SUBSTATION EARTHING LAYOUT,,,,,EL,,,,,,,,,,CDW,20-6-30,,,20-6-30,,,,,notIssue,0%
1204-90-EL-DWG-050,,SUBSTATION SS01 EQUIPMENT ARRANGEMENT LAYOUT,,,,,EL,,,,,,,,,,CDW,20-6-30,,,20-6-30,,,,,notIssue,0%
1204-90-EL-DWG-051,,SUBSTATION SS01 CABLE ROUTING LAYOUT,,,,,EL,,,,,,,,,,CDW,20-6-30,,,20-6-30,,,,,notIssue,0%
1204-90-EL-DWG-052,,SUBSTATION SS01 CABLE ROUTING ARRANGEMENT OF VIEWS / SECTIONS,,,,,EL,,,,,,,,,,CDW,20-6-30,,,20-6-30,,,,,notIssue,0%
1204-90-EL-DWG-053,,SUBSTATION SS01 LIGHTING LAYOUT,,,,,EL,,,,,,,,,,CDW,20-6-30,,,20-6-30,,,,,notIssue,0%
1204-90-EL-DWG-054,,SUBSTATION SS01 SMALL POWER LAYOUT,,,,,EL,,,,,,,,,,CDW,20-6-30,,,20-6-30,,,,,notIssue,0%
1204-90-EL-DWG-055,,SUBSTATION SS01 EARTHING LAYOUT,,,,,EL,,,,,,,,,,CDW,20-6-30,,,20-6-30,,,,,notIssue,0%
1204-90-EL-DWG-056,,SUBSTATION SS01 LIGHTNING PROTECTION LAYOUT,,,,,EL,,,,,,,,,,CDW,20-6-30,,,20-6-30,,,,,notIssue,0%
1204-90-EL-DWG-057,,SUBSTATION SS01 COMMUNICATION LAYOUT,,,,,EL,,,,,,,,,,CDW,20-6-30,,,20-6-30,,,,,notIssue,0%
1204-90-EL-DWG-101,,CENTRAL CONTROL BUILDING ELECTRICAL CABLE ROUTING / CROSS SECTION DRAWINGS,,,,,EL,,,,,,,,,,CDW,20-8-30,,,20-8-30,,,,,notIssue,0%
1204-90-EL-DWG-120,,CENTRAL CONTROL BUILDING EARTHING PROTECTION LAYOUT,,,,,EL,,,,,,,,,,CDW,20-8-30,,,20-8-30,,,,,notIssue,0%
1204-90-EL-DWG-150,,UTILITY CONTROL BUILDING SS01 ELECTRICAL CABLE ROUTING / CROSS SECTION DRAWINGS,,,,,EL,,,,,,,,,,CDW,20-8-30,,,20-8-30,,,,,notIssue,0%
1204-90-EL-DWG-151,,UTILITY CONTROL BUILDING LIGHTING LAYOUT,,,,,EL,,,,,,,,,,CDW,20-8-30,,,20-8-30,,,,,notIssue,0%
1204-90-EL-DWG-152,,UTILITY CONTROL BUILDING SMALL POWER LAYOUT,,,,,EL,,,,,,,,,,CDW,20-8-30,,,20-8-30,,,,,notIssue,0%
1204-90-EL-DWG-153,,UTILITY CONTROL BUILDING EARTHING PROTECTION LAYOUT,,,,,EL,,,,,,,,,,CDW,20-8-30,,,20-8-30,,,,,notIssue,0%
1204-90-EL-DWG-154,,UTILITY CONTROL BUILDING LIGHTNING PROTECTION LAYOUT,,,,,EL,,,,,,,,,,CDW,20-8-30,,,20-8-30,,,,,notIssue,0%
1204-90-EL-DWG-155,,UTILITY CONTROL BUILDING COMMUNICATION LAYOUT,,,,,EL,,,,,,,,,,CDW,20-8-30,,,20-8-30,,,,,notIssue,0%
1204-90-EL-DWG-210,,LABORATORY BUILDING LIGHTING AND SOCKET OUTLET LAYOUT,,,,,EL,,,,,,,,,,CDW,21-4-30,,,21-4-30,,,,,notIssue,0%
1204-90-EL-DWG-220,,LABORATORY BUILDING EARTHING LAYOUT,,,,,EL,,,,,,,,,,CDW,21-4-30,,,21-4-30,,,,,notIssue,0%
1204-90-EL-DWG-221,,LABORATORY BUILDING LIGHTNING PROTECTION LAYOUT,,,,,EL,,,,,,,,,,CDW,21-4-30,,,21-4-30,,,,,notIssue,0%
1204-90-EL-DWG-230,,LABORATORY BUILDING PAGING/INTERCOM/TELEPHONE LAYOUT,,,,,EL,,,,,,,,,,CDW,21-4-30,,,21-4-30,,,,,notIssue,0%
1204-90-EL-DWG-311,,"LIGHTING LAYOUT FOR ADMINSTRATION,RESTAURANT,CLINIC & GUARD HOUSE BUILDING",,,,,EL,,,,,,,,,,CDW,21-4-15,,,21-4-15,,,,,notIssue,0%
1204-90-EL-DWG-312,,"SMALL POWER LAYOUT FOR ADMINSTRATION,RESTAURANT,CLINIC & GUARD HOUSE BUILDING",,,,,EL,,,,,,,,,,CDW,21-4-15,,,21-4-15,,,,,notIssue,0%
1204-90-EL-DWG-313,,"LIGHTNING PROTECTION LAYOUT FOR ADMINSTRATION,RESTAURANT,CLINIC & GUARD HOUSE BUILDING",,,,,EL,,,,,,,,,,CDW,21-4-15,,,21-4-15,,,,,notIssue,0%
1204-90-EL-DWG-314,,"POWER LAYOUT FOR ADMINSTRATION,RESTAURANT,CLINIC & GUARD HOUSE BUILDING",,,,,EL,,,,,,,,,,CDW,21-4-15,,,21-4-15,,,,,notIssue,0%
1204-90-EL-DWG-315,,"COMMIUNICATION LAYOUT FOR ADMINSTRATION,RESTAURANT,CLINIC & GUARD HOUSE BUILDING",,,,,EL,,,,,,,,,,CDW,21-4-15,,,21-4-15,,,,,notIssue,0%
1204-90-EL-DWG-950,,WAREHOUSE BACKYARD BUILDING LIGHTING AND SOCKET OUTLET LAYOUT,,,,,EL,,,,,,,,,,CDW,20-6-23,,,,,,,,notIssue,0%
1204-90-EL-DWG-961,,WAREHOUSE BACKYARD BUILDING LIGHTNING PROTECTION LAYOUT,,,,,EL,,,,,,,,,,CDW,20-6-23,,,,,,,,notIssue,0%
1204-90-EL-DWG-970,,WAREHOUSE BACKYARD BUILDING PAGING/INTERCOM/TELEPHONE LAYOUT,,,,,EL,,,,,,,,,,CDW,20-6-23,,,,,,,,notIssue,0%
/1204-00-EL-ACT-501VD,,VENDOR DOCUMENT CHECKING FOR NEUTRAL GROUNDING RESISTOR,,,,,EL,,,,,,,,,,VDR,20-1-10,,,20-4-17,,,,,notIssue,0%
/1204-00-EL-ACT-502VD,,VENDOR DOCUMENT CHECKING FOR MEDIUM VOLTAGE SWITCHGEARS,,,,,EL,,,,,,,,,,VDR,20-4-27,,,21-2-4,,,,,InProgress,5%
1204-00-EL-REQ-503,,REQUISITION FOR LOW VOLTAGE SWITCHGEARS/MCC,,,,,EL,,,,,,,,,,REQ,20-4-23,,,20-5-6,,,,,notIssue,0%
1204-00-EL-TBA-503,,TECHNICAL BID ANALYSIS FOR LOW VOLTAGE SWITCHGEARS/MCC,,,,,EL,,,,,,,,,,TBA,20-7-9,,,20-7-29,,,,,notIssue,0%
/1204-00-EL-ACT-503VD,,VENDOR DOCUMENT CHECKING FOR MEDIUM VOLTAGE SWITCHGEARS,,,,,EL,,,,,,,,,,VDR,20-10-8,,,21-6-11,,,,,notIssue,0%
/1204-00-EL-ACT-504VD,,VENDOR DOCUMENT CHECKING FOR POWER & DISTRIBUTION TRANSFORMER,,,,,EL,,,,,,,,,,VDR,20-4-28,,,20-1-27,,,,,InProgress,1%
/1204-00-EL-ACT-505VD,,VENDOR DOCUMENT CHECKING FOR POWER DISTRIBUTION CONTROL SYSTEM (PDCS),,,,,EL,,,,,,,,,,VDR,21-4-7,,,21-7-21,,,,,notIssue,0%
1204-00-EL-TBA-506,,TECHNICAL BID ANALYSIS FOR AC UPS,,,,,EL,,,,,,,,,,TBA,20-4-30,,,20-5-21,,,,,notIssue,0%
/1204-00-EL-ACT-506VD,,VENDOR DOCUMENT CHECKING FOR AC UPS,,,,,EL,,,,,,,,,,VDR,20-8-27,,,21-7-14,,,,,notIssue,0%
1204-00-EL-TBA-507,,TECHNICAL BID ANALYSIS FOR BATTERY CHARGER,,,,,EL,,,,,,,,,,TBA,20-4-13,,,20-5-4,,,,,notIssue,0%
/1204-00-EL-ACT-507VD,,VENDOR DOCUMENT CHECKING FOR BATTERY CHARGER,,,,,EL,,,,,,,,,,VDR,20-8-10,,,21-6-30,,,,,notIssue,0%
1204-00-EL-REQ-508,,REQUISITION FOR LIGHTING & DISTRIBUTION PANEL ,,,,,EL,,,,,,,,,,REQ,20-5-26,,,20-6-8,,,,,notIssue,0%
1204-00-EL-TBA-508,,TECHNICAL BID ANALYSIS FOR LIGHTING & DISTRIBUTION PANEL ,,,,,EL,,,,,,,,,,TBA,20-8-11,,,20-8-31,,,,,notIssue,0%
/1204-00-EL-ACT-508VD,,VENDOR DOCUMENT CHECKING FOR LIGHTING & DISTRIBUTION PANEL,,,,,EL,,,,,,,,,,VDR,20-11-10,,,21-3-19,,,,,notIssue,0%
/1204-00-EL-ACT-509AVD,,"VENDOR DOCUMENT CHECKING FOR POWER, CONTROL AND EARTHING CABLES",,,,,EL,,,,,,,,,,VDR,20-3-27,,,20-8-19,,,,,notIssue,0%
1204-00-EL-REQ-509B,,REQUISITION FOR COMMUNICATION CABLES,,,,,EL,,,,,,,,,,REQ,20-4-28,,,20-5-4,,,,,notIssue,0%
1204-00-EL-TBA-509B,,TECHNICAL BID ANALYSIS FOR COMMUNICATION CABLES,,,,,EL,,,,,,,,,,TBA,20-6-9,,,20-6-22,,,,,notIssue,0%
/1204-00-EL-ACT-509BVD,,"VENDOR DOCUMENT CHECKING FOR POWER, CONTROL AND EARTHING CABLES",,,,,EL,,,,,,,,,,VDR,20-8-4,,,20-12-17,,,,,notIssue,0%
/1204-00-EL-ACT-510VD,,VENDOR DOCUMENT CHECKING FOR CATHODIC PROTECTION,,,,,EL,,,,,,,,,,VDR,20-3-2,,,20-8-13,,,,,notIssue,0%
1204-00-EL-REQ-512,,REQUISITION FOR TELEPHONE SYSTEM,,,,,EL,,,,,,,,,,REQ,20-6-5,,,20-6-18,,,,,notIssue,0%
1204-00-EL-TBA-512,,TECHNICAL BID ANALYSIS FOR TELEPHONE SYSTEM,,,,,EL,,,,,,,,,,TBA,20-8-6,,,20-8-27,,,,,notIssue,0%
/1204-00-EL-ACT-512VD,,VENDOR DOCUMENT CHECKING FOR TELEPHONE SYSTEM,,,,,EL,,,,,,,,,,VDR,20-10-23,,,21-5-28,,,,,notIssue,0%
1204-00-EL-TBA-513,,TECHNICAL BID ANALYSIS FOR PUBLIC ADDRESS AND INTERCOM SYSTEM,,,,,EL,,,,,,,,,,TBA,20-8-24,,,20-9-14,,,,,notIssue,0%
/1204-00-EL-ACT-513VD,,VENDOR DOCUMENT CHECKING FOR TELEPHONE SYSTEM,,,,,EL,,,,,,,,,,VDR,20-12-9,,,21-5-24,,,,,notIssue,0%
1204-00-EL-TBA-514,,TECHNICAL BID ANALYSIS FOR CCTV SYSTEM,,,,,EL,,,,,,,,,,TBA,20-8-25,,,20-9-14,,,,,notIssue,0%
/1204-00-EL-ACT-514VD,,VENDOR DOCUMENT CHECKING FOR TELEPHONE SYSTEM,,,,,EL,,,,,,,,,,VDR,20-11-12,,,21-6-1,,,,,notIssue,0%
1204-00-EL-REQ-515,,REQUISITION FOR ELECTRICAL HEAT TRACING ,,,,,EL,,,,,,,,,,REQ,20-4-17,,,20-4-30,,,,,notIssue,0%
1204-00-EL-TBA-515,,TECHNICAL BID ANALYSIS FOR ELECTRICAL HEAT TRACING ,,,,,EL,,,,,,,,,,TBA,20-6-22,,,20-7-10,,,,,notIssue,0%
/1204-00-EL-ACT-515VD,,VENDOR DOCUMENT CHECKING FOR TELEPHONE SYSTEM,,,,,EL,,,,,,,,,,VDR,20-10-6,,,21-5-11,,,,,notIssue,0%
1204-00-EL-TBA-516,,TECHNICAL BID ANALYSIS FOR RADIO SYSTEM,,,,,EL,,,,,,,,,,TBA,20-8-27,,,20-9-16,,,,,notIssue,0%
/1204-00-EL-ACT-516VD,,VENDOR DOCUMENT CHECKING FOR RADIO SYSTEM,,,,,EL,,,,,,,,,,VDR,20-11-11,,,20-3-30,,,,,notIssue,0%
/1204-00-EL-ACT-517VD,,VENDOR DOCUMENT CHECKING FOR LV VSD PANELS,,,,,EL,,,,,,,,,,VDR,20-10-2,,,21-4-15,,,,,notIssue,0%
1204-00-EL-TBA-519,,TECHNICAL BID ANALYSIS FOR STREET LIGHTING FIXTURES,,,,,EL,,,,,,,,,,TBA,20-7-3,,,20-7-23,,,,,notIssue,0%
/1204-00-EL-ACT-519VD,,VENDOR DOCUMENT CHECKING FOR STREET LIGHTING FIXTURES,,,,,EL,,,,,,,,,,VDR,20-10-2,,,21-4-15,,,,,notIssue,0%
1204-00-EL-TBA-520,,TECHNICAL BID ANALYSIS FOR EXPLOSION PROOF LIGHTING FIXTURES,,,,,EL,,,,,,,,,,TBA,20-3-10,,,20-3-16,,,,,notIssue,0%
/1204-00-EL-ACT-520VD,,VENDOR DOCUMENT CHECKING FOR EXPLOSION PROOF LIGHTING FIXTURES,,,,,EL,,,,,,,,,,VDR,20-4-28,,,20-9-17,,,,,notIssue,0%
/1204-00-EL-ACT-522VD,,VENDOR DOCUMENT CHECKING FOR MV ELECTRICAL MOTORS FOR PRIMERY REFORMER,,,,,EL,,,,,,,,,,VDR,20-4-14,,,20-1-5,,,,,notIssue,0%
1204-00-EL-TBA-525,,TECHNICAL BID ANALYSIS FOR SOCKET OUTLET AND PLUGS,,,,,EL,,,,,,,,,,TBA,20-9-23,,,20-10-13,,,,,notIssue,0%
/1204-00-EL-ACT-525VD,,VENDOR DOCUMENT CHECKING FOR SOCKET OUTLET AND PLUGS,,,,,EL,,,,,,,,,,VDR,20-12-21,,,21-4-15,,,,,notIssue,0%
1204-00-EL-TBA-526,,TECHNICAL BID ANALYSIS FOR JUNCTION BOXES,,,,,EL,,,,,,,,,,TBA,20-6-25,,,20-7-1,,,,,notIssue,0%
/1204-00-EL-ACT-526VD,,VENDOR DOCUMENT CHECKING FOR JUNCTION BOXES,,,,,EL,,,,,,,,,,VDR,20-7-21,,,20-11-2,,,,,notIssue,0%
1204-00-EL-TBA-527,,TECHNICAL BID ANALYSIS FOR LIGHTING POLES,,,,,EL,,,,,,,,,,TBA,20-10-22,,,20-10-28,,,,,notIssue,0%
/1204-00-EL-ACT-527VD,,VENDOR DOCUMENT CHECKING FOR LIGHTING POLES,,,,,EL,,,,,,,,,,VDR,20-11-26,,,21-2-25,,,,,notIssue,0%
1204-00-EL-REQ-528,,REQUISITION FOR LOCAL CONTROL STATION,,,,,EL,,,,,,,,,,REQ,20-9-17,,,20-9-30,,,,,notIssue,0%
1204-00-EL-TBA-528,,TECHNICAL BID ANALYSIS FOR LOCAL CONTROL STATION,,,,,EL,,,,,,,,,,TBA,20-11-5,,,20-11-11,,,,,notIssue,0%
/1204-00-EL-ACT-528VD,,VENDOR DOCUMENT CHECKING FOR LOCAL CONTROL STATION,,,,,EL,,,,,,,,,,VDR,20-12-24,,,20-4-6,,,,,notIssue,0%
1204-00-EL-TBA-529,,TECHNICAL BID ANALYSIS FOR EARTHING AND LIGHTNING MATERIAL,,,,,EL,,,,,,,,,,TBA,20-1-28,,,20-2-3,,,,,notIssue,0%
/1204-00-EL-ACT-529VD,,VENDOR DOCUMENT CHECKING FOR EARTHING AND LIGHTNING MATERIAL,,,,,EL,,,,,,,,,,VDR,20-2-13,,,20-3-27,,,,,notIssue,0%
1204-00-EL-REQ-530,,REQUISITION FOR CABLE GLANDS,,,,,EL,,,,,,,,,,REQ,20-5-14,,,20-5-20,,,,,notIssue,0%
1204-00-EL-TBA-530,,TECHNICAL BID ANALYSIS FOR CABLE GLANDS,,,,,EL,,,,,,,,,,TBA,20-6-25,,,20-7-1,,,,,notIssue,0%
/1204-00-EL-ACT-530VD,,VENDOR DOCUMENT CHECKING FOR CABLE GLANDS,,,,,EL,,,,,,,,,,VDR,20-7-23,,,20-10-15,,,,,notIssue,0%
/1204-00-EL-ACT-531VD,,VENDOR DOCUMENT CHECKING FOR CABLE TRAYS AND LADDERS,,,,,EL,,,,,,,,,,VDR,20-2-25,,,20-6-8,,,,,notIssue,0%
1204-00-EL-REQ-533,,REQUISITION FOR CABLE TERMINATION & ACCESSORIES,,,,,EL,,,,,,,,,,REQ,20-5-14,,,20-5-18,,,,,notIssue,0%
1204-00-EL-TBA-533,,TECHNICAL BID ANALYSIS FOR CABLE TERMINATION & ACCESSORIES,,,,,EL,,,,,,,,,,TBA,20-6-23,,,20-6-29,,,,,notIssue,0%
/1204-00-EL-ACT-533VD,,VENDOR DOCUMENT CHECKING FOR CABLE TRAYS AND LADDERS,,,,,EL,,,,,,,,,,VDR,20-8-5,,,20-9-29,,,,,notIssue,0%
1204-90-IN-DWG-003,,CONTROL ROOM CABLE ROUTING LAYOUT ,,,,,IN,,,,,,,,,,CDW,20-8-30,,,20-8-30,,,,,notIssue,0%
1204-90-IN-DWG-004,,CONTROL ROOM EQUIPMENT LAYOUT for ASU/BOILER UNITS,,,,,IN,,,,,,,,,,CDW,20-8-30,,,20-8-30,,,,,notIssue,0%
1204-00-IN-DWG-006,,ANALYZER ROOM LAYOUT ,,,,,IN,,,,,,,,,,CDW,20-6-10,,,20-6-10,,,,,notIssue,0%
1204-20-IN-DWG-025,,INSTRUMENT FIELD & CABLE LAYOUT (AREA 25),,,,,IN,,,,,,,,,,CDW,20-6-22,,,20-6-22,,,,,notIssue,0%
1204-00-IN-DWG-041,,INSTRUMENT FIELD & CABLE LAYOUT (AREA 41),,,,,IN,,,,,,,,,,CDW,20-1-1,,,20-6-25,,,,,notIssue,0%
1204-40-IN-DWG-043,,INSTRUMENT FIELD & CABLE LAYOUT (AREA 43),,,,,IN,,,,,,,,,,CDW,20-1-1,,,20-6-25,,,,,notIssue,0%
1204-10-IN-DWG-048,,INSTRUMENT FIELD & CABLE LAYOUT (AREA 48),,,,,IN,,,,,,,,,,CDW,20-1-2,,,20-6-26,,,,,notIssue,0%
1204-00-IN-LST-004,,INSTRUMENT CABLE LIST,,,,,IN,,,,,,,,,,LIST,19-10-2,,,20-4-14,,,,,notIssue,0%
1204-00-IN-LST-005,,INSTRUMENT JUNCTION BOX NAMEPLATE LIST,,,,,IN,,,,,,,,,,LIST,19-10-2,,,20-4-14,,,,,notIssue,0%
1204-00-IN-LST-006,,INSTRUMENT CABLE DRUM ALLOCATION LIST,,,,,IN,,,,,,,,,,LIST,19-10-2,,,20-4-14,,,,,notIssue,0%
1204-00-IN-LST-007,,INSTRUMENT POWER CONSUMER LIST,,,,,IN,,,,,,,,,,LIST,19-10-2,,,20-4-14,,,,,notIssue,0%
1204-00-IN-SKT-002,,INSTRUMENT COMPLEX LOOP SKETCH,,,,,IN,,,,,,,,,,CDW,21-2-20,,,21-2-20,,,,,notIssue,0%
1204-00-IN-SKT-007,,ANALYZER PROCESS HOOK-UP'S,,,,,IN,,,,,,,,,,CDW,20-8-20,,,20-8-20,,,,,notIssue,0%
1204-00-IN-MTO-005,,MATERIAL TAKE OFF FOR INSTRUMENT TUBES AND TUBE FITTING ,,,,,IN,,,,,,,,,,LIST,19-12-25,,,20-4-28,,,,,notIssue,0%
1204-00-IN-MTO-006,,MATERIAL TAKE OFF FOR PIPE AND PIPE FITTINGS ,,,,,IN,,,,,,,,,,LIST,19-12-25,,,20-4-28,,,,,notIssue,0%
1204-00-IN-MTO-007,,MATERIAL TAKE OFF FOR INSTRUMENT INSTALLATION MATERIALS ,,,,,IN,,,,,,,,,,LIST,19-12-25,,,20-4-28,,,,,notIssue,0%
1204-00-IN-MTO-008,,MATERIAL TAKE OFF FOR INSTRUMENT CABLE ACCESSORIES ,,,,,IN,,,,,,,,,,LIST,19-12-25,,,20-4-28,,,,,notIssue,0%
1204-00-IN-DIG-002,,ESD LOGIC DIAGRAM,,,,,IN,,,,,,,,,,EDW,20-2-5,,,20-6-23,,,,,notIssue,0%
1204-00-IN-DIG-004,,INTERCONNECTION DIAGRAM,,,,,IN,,,,,,,,,,EDW,20-11-10,,,20-11-10,,,,,notIssue,0%
/1204-00-IN-ACT-601VD,,VENDOR DOCUMENT CHECKING FOR FIELDBUS CONTROL SYSTEM,,,,,IN,,,,,,,,,,VDR,20-5-6,,,21-3-23,,,,,InProgress,5%
1204-00-IN-TBA-602,,TECHNICAL BID ANALYSIS FOR EMERGENCY SHUTDOWN SYSTEM,,,,,IN,,,,,,,,,,TBA,20-6-23,,,,,,,,complete,100%
/1204-00-IN-ACT-602VD,,VENDOR DOCUMENT FOR CHECKING EMERGENCY SHUTDOWN SYSTEM,,,,,IN,,,,,,,,,,VDR,20-6-23,,,,,,,,InProgress,5%
/1204-00-IN-ACT-603VD,,VENDOR DOCUMENT CHECKING FOR PROCESS STREAM ANALYZERS,,,,,IN,,,,,,,,,,VDR,20-5-12,,,20-12-7,,,,,notIssue,0%
/1204-00-IN-ACT-604VD,,VENDOR DOCUMENT CHECKING FOR ON / OFF VALVES,,,,,IN,,,,,,,,,,VDR,20-4-28,,,20-3-16,,,,,InProgress,5%
/1204-00-IN-ACT-605VD,,VENDOR DOCUMENT CHECKING FOR CONTROL VALVES,,,,,IN,,,,,,,,,,VDR,20-4-28,,,21-5-7,,,,,InProgress,5%
/1204-00-IN-ACT-606VD,,VENDOR DOCUMENT CHECKING FOR PRESSURE SAFETY/RELIEF VALVES,,,,,IN,,,,,,,,,,VDR,20-2-17,,,20-10-8,,,,,notIssue,0%
1204-00-IN-TBA-607,,TECHNICAL BID ANALYSIS FOR RUPTURE DISCS,,,,,IN,,,,,,,,,,TBA,20-8-11,,,20-9-21,,,,,notIssue,0%
/1204-00-IN-ACT-607VD,,VENDOR DOCUMENT CHECKING FOR RUPTURE DISCS,,,,,IN,,,,,,,,,,VDR,21-1-19,,,21-5-10,,,,,notIssue,0%
1204-00-IN-TBA-608,,TECHNICAL BID ANALYSIS FOR ANNUBAR FLOW ELEMENT,,,,,IN,,,,,,,,,,TBA,20-8-25,,,20-9-14,,,,,notIssue,0%
/1204-00-IN-ACT-608VD,,VENDOR DOCUMENT CHECKING FOR RRUPTURE DISCS,,,,,IN,,,,,,,,,,VDR,20-12-22,,,20-5-17,,,,,notIssue,0%
1204-00-IN-TBA-611,,TECHNICAL BID ANALYSIS FOR MASS FLOW METER,,,,,IN,,,,,,,,,,TBA,20-2-25,,,21-3-16,,,,,notIssue,0%
/1204-00-IN-ACT-611VD,,VENDOR DOCUMENT CHECKING  FOR MASS FLOW METER,,,,,IN,,,,,,,,,,VDR,20-5-26,,,21-1-21,,,,,notIssue,0%
1204-00-IN-TBA-612,,TECHNICAL BID ANALYSIS FOR ORIFICE PLATES & FLANGES,,,,,IN,,,,,,,,,,TBA,20-2-25,,,20-3-16,,,,,notIssue,0%
/1204-00-IN-ACT-612VD,,VENDOR DOCUMENT CHECKING FOR ORIFICE PLATES & FLANGES,,,,,IN,,,,,,,,,,VDR,20-6-23,,,20-11-9,,,,,notIssue,0%
1204-00-IN-TBA-614,,TECHNICAL BID ANALYSIS FOR ROTAMETERS,,,,,IN,,,,,,,,,,TBA,20-5-19,,,20-6-8,,,,,notIssue,0%
/1204-00-IN-ACT-614VD,,VENDOR DOCUMENT CHECKING FOR ROTAMETERS,,,,,IN,,,,,,,,,,VDR,20-9-15,,,20-5-28,,,,,notIssue,0%
1204-00-IN-REQ-615,,REQUISITION FOR SIGHT GLASS,,,,,IN,,,,,,,,,,REQ,20-6-23,,,,,,,,notIssue,0%
1204-00-IN-TBA-615,,TECHNICAL BID ANALYSIS FOR SIGHT GLASS,,,,,IN,,,,,,,,,,TBA,20-6-23,,,,,,,,notIssue,0%
/1204-00-IN-ACT-615VD,,VENDOR DOCUMENT CHECKING FOR SIGHT GLASS,,,,,IN,,,,,,,,,,VDR,20-6-23,,,,,,,,notIssue,0%
1204-00-IN-TBA-617,,TECHNICAL BID ANALYSIS FOR VENTURI TUBES & FLOW NOZZLES,,,,,IN,,,,,,,,,,TBA,20-2-25,,,20-3-16,,,,,notIssue,0%
/1204-00-IN-ACT-617VD,,VENDOR DOCUMENT CHECKING FOR VENTURI TUBES & FLOW NOZZLES,,,,,IN,,,,,,,,,,VDR,20-5-26,,,20-12-23,,,,,notIssue,0%
1204-00-IN-TBA-619,,TECHNICAL BID ANALYSIS FOR LEVEL SWITCHES ,,,,,IN,,,,,,,,,,TBA,20-7-14,,,20-8-3,,,,,notIssue,0%
/1204-00-IN-ACT-619VD,,VENDOR DOCUMENT CHECKING FOR LEVEL SWITCHES ,,,,,IN,,,,,,,,,,VDR,20-11-10,,,21-7-9,,,,,notIssue,0%
1204-00-IN-REQ-620,,REQUISITION FOR LEVEL GAUGES,,,,,IN,,,,,,,,,,REQ,20-4-28,,,20-5-11,,,,,notIssue,0%
1204-00-IN-TBA-620,,TECHNICAL BID ANALYSIS FOR LEVEL GAUGES,,,,,IN,,,,,,,,,,TBA,20-7-14,,,20-8-3,,,,,notIssue,0%
/1204-00-IN-ACT-620VD,,VENDOR DOCUMENT CHECKING FOR LEVEL GAUGES,,,,,IN,,,,,,,,,,VDR,20-11-10,,,21-5-10,,,,,notIssue,0%
1204-00-IN-TBA-622,,TECHNICAL BID ANALYSIS FOR PRESSURE GAUGES,,,,,IN,,,,,,,,,,TBA,20-7-21,,,20-8-10,,,,,notIssue,0%
/1204-00-IN-ACT-622VD,,VENDOR DOCUMENT CHECKING FOR PRESSURE GAUGES,,,,,IN,,,,,,,,,,VDR,20-11-17,,,20-3-30,,,,,notIssue,0%
1204-00-IN-TBA-623,,TECHNICAL BID ANALYSIS FOR PRESSURE SWITCHES,,,,,IN,,,,,,,,,,TBA,20-7-10,,,20-7-30,,,,,notIssue,0%
/1204-00-IN-ACT-623VD,,VENDOR DOCUMENT CHECKING FOR PRESSURE SWITCHES,,,,,IN,,,,,,,,,,VDR,20-11-6,,,20-3-25,,,,,notIssue,0%
/1204-00-IN-ACT-624VD,,VENDOR DOCUMENT CHECKING FOR ELECTRONIC TRANSMITTERS,,,,,IN,,,,,,,,,,VDR,20-5-12,,,20-6-25,,,,,notIssue,0%
1204-00-IN-TBA-625,,TECHNICAL BID ANALYSIS FOR TEMP. ELEMENTS / TRANSMITTERS & THERMOWELLS,,,,,IN,,,,,,,,,,TBA,20-5-5,,,20-5-25,,,,,notIssue,0%
/1204-00-IN-ACT-625VD,,VENDOR DOCUMENT CHECKING FOR TEMP. ELEMENTS / TRANSMITTERS & THERMOWELLS,,,,,IN,,,,,,,,,,VDR,20-9-1,,,20-7-27,,,,,notIssue,0%
1204-00-IN-TBA-626,,TECHNICAL BID ANALYSIS FOR MOTOR OPERATED VALVES,,,,,IN,,,,,,,,,,TBA,20-2-25,,,20-3-16,,,,,notIssue,0%
/1204-00-IN-ACT-626VD,,VENDOR DOCUMENT CHECKING FOR MOTOR OPERATED VALVES,,,,,IN,,,,,,,,,,VDR,20-6-23,,,21-5-24,,,,,notIssue,0%
1204-00-IN-TBA-627,,TECHNICAL BID ANALYSIS FOR INSTRUMENT JUNCTION BOXES & CABLE GLANDS,,,,,IN,,,,,,,,,,TBA,20-7-14,,,20-7-20,,,,,notIssue,0%
/1204-00-IN-ACT-627VD,,VENDOR DOCUMENT CHECKING FOR INSTRUMENT JUNCTION BOXES & CABLE GLANDS,,,,,IN,,,,,,,,,,VDR,20-9-3,,,20-12-4,,,,,notIssue,0%
1204-00-IN-TBA-628,,TECHNICAL BID ANALYSIS FOR INSTRUMENT CABLES,,,,,IN,,,,,,,,,,TBA,20-7-28,,,20-8-3,,,,,notIssue,0%
/1204-00-IN-ACT-628VD,,VENDOR DOCUMENT CHECKING FOR INSTRUMENT CABLES,,,,,IN,,,,,,,,,,VDR,20-9-15,,,21-1-18,,,,,notIssue,0%
1204-00-IN-REQ-630,,REQUISITION FOR INSTRUMENT CABLE LADDERS / TRAYS & ACCESSORIES,,,,,IN,,,,,,,,,,REQ,20-6-9,,,20-6-15,,,,,notIssue,0%
/1204-00-IN-ACT-630VD,,VENDOR DOCUMENT CHECKING FOR INSTRUMENT CABLE LADDERS / TRAYS & ACCESSORIES,,,,,IN,,,,,,,,,,VDR,20-9-4,,,20-12-25,,,,,notIssue,0%
1204-00-IN-REQ-631,,REQUISITION FOR TUBE AND TUBE FITTINGS,,,,,IN,,,,,,,,,,REQ,20-6-9,,,20-6-19,,,,,notIssue,0%
1204-00-IN-TBA-631,,TECHNICAL BID ANALYSIS FOR TUBE AND TUBE FITTINGS,,,,,IN,,,,,,,,,,TBA,20-7-14,,,20-7-20,,,,,notIssue,0%
/1204-00-IN-ACT-631VD,,VENDOR DOCUMENT CHECKING  FOR TUBE AND TUBE FITTINGS,,,,,IN,,,,,,,,,,VDR,20-8-21,,,20-11-10,,,,,notIssue,0%
1204-00-IN-REQ-632,,REQUISITION FOR PIPE AND PIPE FITTINGS,,,,,IN,,,,,,,,,,REQ,20-6-23,,,,,,,,notIssue,0%
1204-00-IN-TBA-632,,TECHNICAL BID ANALYSIS FOR PIPE AND PIPE FITTINGS,,,,,IN,,,,,,,,,,TBA,20-6-23,,,,,,,,notIssue,0%
/1204-00-IN-ACT-632VD,,VENDOR DOCUMENT CHECKING FOR PIPE AND PIPE FITTINGS,,,,,IN,,,,,,,,,,VDR,20-6-23,,,,,,,,notIssue,0%
1204-00-IN-TBA-634,,TECHNICAL BID ANALYSIS FOR RADAR TYPE LEVEL TRANSMITTERS,,,,,IN,,,,,,,,,,TBA,20-5-5,,,20-5-25,,,,,notIssue,0%
/1204-00-IN-ACT-634VD,,VENDOR DOCUMENT CHECKING FOR RADAR TYPE LEVEL TRANSMITTERS,,,,,IN,,,,,,,,,,VDR,20-9-1,,,21-6-4,,,,,notIssue,0%
1204-00-IN-TBA-636,,TECHNICAL BID ANALYSIS FOR N2 BLANKETING SYSTEM,,,,,IN,,,,,,,,,,TBA,20-9-8,,,20-9-28,,,,,notIssue,0%
/1204-00-IN-ACT-636VD,,VENDOR DOCUMENT CHECKING FOR N2 BLANKETING SYSTEM,,,,,IN,,,,,,,,,,VDR,21-1-5,,,21-5-26,,,,,notIssue,0%
1204-00-IN-REQ-641,,REQUISITION FOR TEMPERATURE GAUGES & TESTWELLS,,,,,IN,,,,,,,,,,REQ,20-6-23,,,20-7-6,,,,,notIssue,0%
1204-00-IN-TBA-641,,TECHNICAL BID ANALYSIS FOR TEMPERATURE GAUGES & TESTWELLS,,,,,IN,,,,,,,,,,TBA,20-9-8,,,20-9-28,,,,,notIssue,0%
/1204-00-IN-ACT-641VD,,VENDOR DOCUMENT CHECKING FOR TEMPERATURE GAUGES & TESTWELLS,,,,,IN,,,,,,,,,,VDR,21-1-5,,,21-5-31,,,,,notIssue,0%
1204-00-IN-TBA-648,,TECHNICAL BID ANALYSIS FOR ULTRASONIC LEVEL TRANSMITTERS,,,,,IN,,,,,,,,,,TBA,20-6-30,,,20-7-20,,,,,notIssue,0%
/1204-00-IN-ACT-648VD,,VENDOR DOCUMENT CHECKING FOR ULTRASONIC LEVEL TRANSMITTERS,,,,,IN,,,,,,,,,,VDR,20-10-27,,,21-6-11,,,,,notIssue,0%
1204-00-IN-REQ-654,,REQUISITION FOR POWER DISTRIBUTION PANEL,,,,,IN,,,,,,,,,,REQ,20-7-7,,,20-7-20,,,,,notIssue,0%
1204-00-IN-TBA-654,,TECHNICAL BID ANALYSIS FOR POWER DISTRIBUTION PANEL,,,,,IN,,,,,,,,,,TBA,20-9-22,,,20-10-12,,,,,notIssue,0%
/1204-00-IN-ACT-654VD,,VENDOR DOCUMENT CHECKING FOR POWER DISTRIBUTION PANEL,,,,,IN,,,,,,,,,,VDR,20-1-19,,,21-5-20,,,,,notIssue,0%
1204-00-IN-TBA-655,,TECHNICAL BID ANALYSIS FOR DESUPERHEATER VALVES,,,,,IN,,,,,,,,,,TBA,20-2-25,,,20-3-16,,,,,notIssue,0%
/1204-00-IN-ACT-655VD,,VENDOR DOCUMENT CHECKING FOR DESUPERHEATER VALVES,,,,,IN,,,,,,,,,,VDR,20-6-23,,,21-2-16,,,,,notIssue,0%
,,,,,,,,,,,,,,,,,,,,,,,,,,,
,,,,,,,,,,,,,,,,,,,,,,,,,,,